# Chunk-averaged data for fix density_profile and group all
# Timestep Number-of-chunks Total-count
# Chunk Coord1 Ncount density/mass
2500 250 13258
  1 0.5 128.3 0.254801
  2 1.5 429.9 0.956053
  3 2.5 442.3 0.906536
  4 3.5 300.4 0.57112
  5 4.5 455 1.01214
  6 5.5 403.7 0.845213
  7 6.5 254.3 0.531349
  8 7.5 344.5 0.757323
  9 8.5 431.8 0.957378
  10 9.5 283.2 0.554997
  11 10.5 336.5 0.776413
  12 11.5 444.3 0.972846
  13 12.5 332.8 0.744548
  14 13.5 333 0.768175
  15 14.5 373.8 0.918239
  16 15.5 283.4 0.638018
  17 16.5 332.3 0.852899
  18 17.5 351.8 0.86156
  19 18.5 290.9 0.718519
  20 19.5 327.8 0.813525
  21 20.5 364.1 0.918569
  22 21.5 310.9 0.71673
  23 22.5 299.6 0.6202
  24 23.5 395.2 0.893563
  25 24.5 307.8 0.663491
  26 25.5 333 0.67403
  27 26.5 436.1 1.00177
  28 27.5 328.3 0.734864
  29 28.5 302.3 0.67978
  30 29.5 384.4 0.871432
  31 30.5 394 0.865824
  32 31.5 284.4 0.569279
  33 32.5 400.9 0.842438
  34 33.5 442.5 0.911264
  35 34.5 356.6 0.741097
  36 35.5 394.7 0.854255
  37 36.5 395.6 0.798666
  38 37.5 161.7 0.354419
  39 38.5 42.3 0.0659645
  40 39.5 4.9 0.0105047
  41 40.5 0.2 6.96002e-05
  42 41.5 0 0
  43 42.5 0 0
  44 43.5 0 0
  45 44.5 0 0
  46 45.5 0 0
  47 46.5 0 0
  48 47.5 0 0
  49 48.5 0 0
  50 49.5 0 0
  51 50.5 0 0
  52 51.5 0 0
  53 52.5 0 0
  54 53.5 0 0
  55 54.5 0 0
  56 55.5 0 0
  57 56.5 0 0
  58 57.5 0 0
  59 58.5 0 0
  60 59.5 0 0
  61 60.5 0 0
  62 61.5 0 0
  63 62.5 0 0
  64 63.5 0 0
  65 64.5 0 0
  66 65.5 0 0
  67 66.5 0 0
  68 67.5 0 0
  69 68.5 0 0
  70 69.5 0 0
  71 70.5 0 0
  72 71.5 0 0
  73 72.5 0 0
  74 73.5 0 0
  75 74.5 0 0
  76 75.5 0 0
  77 76.5 0 0
  78 77.5 0 0
  79 78.5 0 0
  80 79.5 0 0
  81 80.5 0 0
  82 81.5 0 0
  83 82.5 0 0
  84 83.5 0 0
  85 84.5 0 0
  86 85.5 0 0
  87 86.5 0 0
  88 87.5 0 0
  89 88.5 0 0
  90 89.5 0 0
  91 90.5 0 0
  92 91.5 0 0
  93 92.5 0 0
  94 93.5 0 0
  95 94.5 0 0
  96 95.5 0 0
  97 96.5 0 0
  98 97.5 0 0
  99 98.5 0 0
  100 99.5 0 0
  101 100.5 0 0
  102 101.5 0 0
  103 102.5 0 0
  104 103.5 0 0
  105 104.5 0 0
  106 105.5 0 0
  107 106.5 0 0
  108 107.5 0 0
  109 108.5 0 0
  110 109.5 0 0
  111 110.5 0 0
  112 111.5 0 0
  113 112.5 0 0
  114 113.5 0 0
  115 114.5 0 0
  116 115.5 0 0
  117 116.5 0 0
  118 117.5 0 0
  119 118.5 0 0
  120 119.5 0 0
  121 120.5 0 0
  122 121.5 0 0
  123 122.5 0 0
  124 123.5 0 0
  125 124.5 0 0
  126 125.5 0 0
  127 126.5 0 0
  128 127.5 0 0
  129 128.5 0 0
  130 129.5 0 0
  131 130.5 0 0
  132 131.5 0 0
  133 132.5 0 0
  134 133.5 0 0
  135 134.5 0 0
  136 135.5 0 0
  137 136.5 0 0
  138 137.5 0 0
  139 138.5 0 0
  140 139.5 0 0
  141 140.5 0 0
  142 141.5 0 0
  143 142.5 0 0
  144 143.5 0 0
  145 144.5 0 0
  146 145.5 0 0
  147 146.5 0 0
  148 147.5 0 0
  149 148.5 0 0
  150 149.5 0 0
  151 150.5 0 0
  152 151.5 0 0
  153 152.5 0 0
  154 153.5 0 0
  155 154.5 0 0
  156 155.5 0 0
  157 156.5 0 0
  158 157.5 0 0
  159 158.5 0 0
  160 159.5 0 0
  161 160.5 0 0
  162 161.5 0 0
  163 162.5 0 0
  164 163.5 0 0
  165 164.5 0 0
  166 165.5 0 0
  167 166.5 0 0
  168 167.5 0 0
  169 168.5 0 0
  170 169.5 0 0
  171 170.5 0 0
  172 171.5 0 0
  173 172.5 0 0
  174 173.5 0 0
  175 174.5 0 0
  176 175.5 0 0
  177 176.5 0 0
  178 177.5 0 0
  179 178.5 0 0
  180 179.5 0 0
  181 180.5 0 0
  182 181.5 0 0
  183 182.5 0 0
  184 183.5 0 0
  185 184.5 0 0
  186 185.5 0 0
  187 186.5 0 0
  188 187.5 0 0
  189 188.5 0 0
  190 189.5 0 0
  191 190.5 0 0
  192 191.5 0 0
  193 192.5 0 0
  194 193.5 0 0
  195 194.5 0 0
  196 195.5 0 0
  197 196.5 0 0
  198 197.5 0 0
  199 198.5 0 0
  200 199.5 0 0
  201 200.5 0 0
  202 201.5 0 0
  203 202.5 0 0
  204 203.5 0 0
  205 204.5 0 0
  206 205.5 0 0
  207 206.5 0 0
  208 207.5 0 0
  209 208.5 0 0
  210 209.5 0 0
  211 210.5 0 0
  212 211.5 0 0
  213 212.5 0 0
  214 213.5 0 0
  215 214.5 0 0
  216 215.5 0 0
  217 216.5 0 0
  218 217.5 0 0
  219 218.5 0 0
  220 219.5 0 0
  221 220.5 0 0
  222 221.5 0 0
  223 222.5 0 0
  224 223.5 0 0
  225 224.5 0 0
  226 225.5 0 0
  227 226.5 0 0
  228 227.5 0 0
  229 228.5 0 0
  230 229.5 0 0
  231 230.5 0 0
  232 231.5 0 0
  233 232.5 0 0
  234 233.5 0 0
  235 234.5 0 0
  236 235.5 0 0
  237 236.5 0 0
  238 237.5 0 0
  239 238.5 0 0
  240 239.5 0 0
  241 240.5 0 0
  242 241.5 0 0
  243 242.5 0 0
  244 243.5 0 0
  245 244.5 0 0
  246 245.5 0 0
  247 246.5 0 0
  248 247.5 1 0.000348001
  249 248.5 3.9 0.00653337
  250 249.5 33.6 0.0634545
3000 250 13257.999999999998
  1 0.5 115.8 0.241651
  2 1.5 308.8 0.656654
  3 2.5 432.4 0.943982
  4 3.5 330.2 0.609855
  5 4.5 405.4 0.918127
  6 5.5 426.3 0.875066
  7 6.5 335.7 0.744361
  8 7.5 371.5 0.774235
  9 8.5 408.8 0.916907
  10 9.5 331.1 0.688857
  11 10.5 342.6 0.714486
  12 11.5 416.2 0.951921
  13 12.5 352.8 0.772758
  14 13.5 351.2 0.818374
  15 14.5 369.1 0.871365
  16 15.5 316.7 0.801275
  17 16.5 318.1 0.789439
  18 17.5 334.7 0.840115
  19 18.5 317.6 0.806833
  20 19.5 343.1 0.821649
  21 20.5 334.7 0.817093
  22 21.5 320.4 0.746296
  23 22.5 332.5 0.705525
  24 23.5 391.7 0.891206
  25 24.5 318.3 0.652445
  26 25.5 386.9 0.823641
  27 26.5 404.9 0.940566
  28 27.5 320 0.654781
  29 28.5 347.5 0.809037
  30 29.5 397.2 0.901869
  31 30.5 361.1 0.780494
  32 31.5 349.8 0.709123
  33 32.5 428.9 0.889864
  34 33.5 400.7 0.852202
  35 34.5 356.1 0.721253
  36 35.5 403.8 0.854834
  37 36.5 303.8 0.636798
  38 37.5 116 0.241203
  39 38.5 27.3 0.0493569
  40 39.5 5 0.00484571
  41 40.5 0 0
  42 41.5 0 0
  43 42.5 0 0
  44 43.5 0 0
  45 44.5 0 0
  46 45.5 0 0
  47 46.5 0 0
  48 47.5 0 0
  49 48.5 0 0
  50 49.5 0 0
  51 50.5 0 0
  52 51.5 0 0
  53 52.5 0 0
  54 53.5 0 0
  55 54.5 0 0
  56 55.5 0 0
  57 56.5 0 0
  58 57.5 0 0
  59 58.5 0 0
  60 59.5 0 0
  61 60.5 0 0
  62 61.5 0 0
  63 62.5 0 0
  64 63.5 0 0
  65 64.5 0 0
  66 65.5 0 0
  67 66.5 0 0
  68 67.5 0 0
  69 68.5 0 0
  70 69.5 0 0
  71 70.5 0 0
  72 71.5 0 0
  73 72.5 0 0
  74 73.5 0 0
  75 74.5 0 0
  76 75.5 0 0
  77 76.5 0 0
  78 77.5 0 0
  79 78.5 0 0
  80 79.5 0 0
  81 80.5 0 0
  82 81.5 0 0
  83 82.5 0 0
  84 83.5 0 0
  85 84.5 0 0
  86 85.5 0 0
  87 86.5 0 0
  88 87.5 0 0
  89 88.5 0 0
  90 89.5 0 0
  91 90.5 0 0
  92 91.5 0 0
  93 92.5 0 0
  94 93.5 0 0
  95 94.5 0 0
  96 95.5 0 0
  97 96.5 0 0
  98 97.5 0 0
  99 98.5 0 0
  100 99.5 0 0
  101 100.5 0 0
  102 101.5 0 0
  103 102.5 0 0
  104 103.5 0 0
  105 104.5 0 0
  106 105.5 0 0
  107 106.5 0 0
  108 107.5 0 0
  109 108.5 0 0
  110 109.5 0 0
  111 110.5 0 0
  112 111.5 0 0
  113 112.5 0 0
  114 113.5 0 0
  115 114.5 0 0
  116 115.5 0 0
  117 116.5 0 0
  118 117.5 0 0
  119 118.5 0 0
  120 119.5 0 0
  121 120.5 0 0
  122 121.5 0 0
  123 122.5 0 0
  124 123.5 0 0
  125 124.5 0 0
  126 125.5 0 0
  127 126.5 0 0
  128 127.5 0 0
  129 128.5 0 0
  130 129.5 0 0
  131 130.5 0 0
  132 131.5 0 0
  133 132.5 0 0
  134 133.5 0 0
  135 134.5 0 0
  136 135.5 0 0
  137 136.5 0 0
  138 137.5 0 0
  139 138.5 0 0
  140 139.5 0 0
  141 140.5 0 0
  142 141.5 0 0
  143 142.5 0 0
  144 143.5 0 0
  145 144.5 0 0
  146 145.5 0 0
  147 146.5 0 0
  148 147.5 0 0
  149 148.5 0 0
  150 149.5 0 0
  151 150.5 0 0
  152 151.5 0 0
  153 152.5 0 0
  154 153.5 0 0
  155 154.5 0 0
  156 155.5 0 0
  157 156.5 0 0
  158 157.5 0 0
  159 158.5 0 0
  160 159.5 0 0
  161 160.5 0 0
  162 161.5 0 0
  163 162.5 0 0
  164 163.5 0 0
  165 164.5 0 0
  166 165.5 0 0
  167 166.5 0 0
  168 167.5 0 0
  169 168.5 0 0
  170 169.5 0 0
  171 170.5 0 0
  172 171.5 0 0
  173 172.5 0 0
  174 173.5 0 0
  175 174.5 0 0
  176 175.5 0 0
  177 176.5 0 0
  178 177.5 0 0
  179 178.5 0 0
  180 179.5 0 0
  181 180.5 0 0
  182 181.5 0 0
  183 182.5 0 0
  184 183.5 0 0
  185 184.5 0 0
  186 185.5 0 0
  187 186.5 0 0
  188 187.5 0 0
  189 188.5 0 0
  190 189.5 0 0
  191 190.5 0 0
  192 191.5 0 0
  193 192.5 0 0
  194 193.5 0 0
  195 194.5 0 0
  196 195.5 0 0
  197 196.5 0 0
  198 197.5 0 0
  199 198.5 0 0
  200 199.5 0 0
  201 200.5 0 0
  202 201.5 0 0
  203 202.5 0 0
  204 203.5 0 0
  205 204.5 0 0
  206 205.5 0 0
  207 206.5 0 0
  208 207.5 0 0
  209 208.5 0 0
  210 209.5 0 0
  211 210.5 0 0
  212 211.5 0 0
  213 212.5 0 0
  214 213.5 0 0
  215 214.5 0 0
  216 215.5 0 0
  217 216.5 0 0
  218 217.5 0 0
  219 218.5 0 0
  220 219.5 0 0
  221 220.5 0 0
  222 221.5 0 0
  223 222.5 0 0
  224 223.5 0 0
  225 224.5 0 0
  226 225.5 0 0
  227 226.5 0 0
  228 227.5 0 0
  229 228.5 0 0
  230 229.5 0 0
  231 230.5 0 0
  232 231.5 0 0
  233 232.5 0 0
  234 233.5 0 0
  235 234.5 0 0
  236 235.5 0 0
  237 236.5 0 0
  238 237.5 0 0
  239 238.5 0 0
  240 239.5 0 0
  241 240.5 0 0
  242 241.5 0 0
  243 242.5 0 0
  244 243.5 0 0
  245 244.5 0 0
  246 245.5 0 0
  247 246.5 0 0
  248 247.5 0 0
  249 248.5 6 0.00674656
  250 249.5 17.3 0.0231018
3500 250 13258
  1 0.5 81.2 0.17112
  2 1.5 217.7 0.446374
  3 2.5 388.4 0.855169
  4 3.5 381.7 0.781406
  5 4.5 394.1 0.797006
  6 5.5 398.3 0.886299
  7 6.5 378.2 0.773645
  8 7.5 362.1 0.794191
  9 8.5 400.5 0.856419
  10 9.5 356.7 0.784932
  11 10.5 336.9 0.704054
  12 11.5 411.6 0.908561
  13 12.5 359.4 0.831513
  14 13.5 376.3 0.855443
  15 14.5 374.7 0.909644
  16 15.5 343.3 0.81691
  17 16.5 328.8 0.787403
  18 17.5 368.9 0.93049
  19 18.5 335 0.843341
  20 19.5 338.6 0.820303
  21 20.5 352.9 0.837195
  22 21.5 356.5 0.817214
  23 22.5 361.6 0.791679
  24 23.5 389.3 0.87302
  25 24.5 380.7 0.814339
  26 25.5 384.9 0.839049
  27 26.5 386.1 0.854907
  28 27.5 354 0.807606
  29 28.5 368.9 0.826015
  30 29.5 381.6 0.842493
  31 30.5 360 0.768238
  32 31.5 390.6 0.785125
  33 32.5 414.3 0.916461
  34 33.5 377.2 0.727561
  35 34.5 371.6 0.76288
  36 35.5 346.1 0.751418
  37 36.5 219.6 0.452729
  38 37.5 78.3 0.167523
  39 38.5 22.7 0.0353333
  40 39.5 4 0.00656817
  41 40.5 0.3 0.0001044
  42 41.5 0 0
  43 42.5 0 0
  44 43.5 0 0
  45 44.5 0 0
  46 45.5 0 0
  47 46.5 0 0
  48 47.5 0 0
  49 48.5 0 0
  50 49.5 0 0
  51 50.5 0 0
  52 51.5 0 0
  53 52.5 0 0
  54 53.5 0 0
  55 54.5 0 0
  56 55.5 0 0
  57 56.5 0 0
  58 57.5 0 0
  59 58.5 0 0
  60 59.5 0 0
  61 60.5 0 0
  62 61.5 0 0
  63 62.5 0 0
  64 63.5 0 0
  65 64.5 0 0
  66 65.5 0 0
  67 66.5 0 0
  68 67.5 0 0
  69 68.5 0 0
  70 69.5 0 0
  71 70.5 0 0
  72 71.5 0 0
  73 72.5 0 0
  74 73.5 0 0
  75 74.5 0 0
  76 75.5 0 0
  77 76.5 0 0
  78 77.5 0 0
  79 78.5 0 0
  80 79.5 0 0
  81 80.5 0 0
  82 81.5 0 0
  83 82.5 0 0
  84 83.5 0 0
  85 84.5 0 0
  86 85.5 0 0
  87 86.5 0 0
  88 87.5 0 0
  89 88.5 0 0
  90 89.5 0 0
  91 90.5 0 0
  92 91.5 0 0
  93 92.5 0 0
  94 93.5 0 0
  95 94.5 0 0
  96 95.5 0 0
  97 96.5 0 0
  98 97.5 0 0
  99 98.5 0 0
  100 99.5 0 0
  101 100.5 0 0
  102 101.5 0 0
  103 102.5 0 0
  104 103.5 0 0
  105 104.5 0 0
  106 105.5 0 0
  107 106.5 0 0
  108 107.5 0 0
  109 108.5 0 0
  110 109.5 0 0
  111 110.5 0 0
  112 111.5 0 0
  113 112.5 0 0
  114 113.5 0 0
  115 114.5 0 0
  116 115.5 0 0
  117 116.5 0 0
  118 117.5 0 0
  119 118.5 0 0
  120 119.5 0 0
  121 120.5 0 0
  122 121.5 0 0
  123 122.5 0 0
  124 123.5 0 0
  125 124.5 0 0
  126 125.5 0 0
  127 126.5 0 0
  128 127.5 0 0
  129 128.5 0 0
  130 129.5 0 0
  131 130.5 0 0
  132 131.5 0 0
  133 132.5 0 0
  134 133.5 0 0
  135 134.5 0 0
  136 135.5 0 0
  137 136.5 0 0
  138 137.5 0 0
  139 138.5 0 0
  140 139.5 0 0
  141 140.5 0 0
  142 141.5 0 0
  143 142.5 0 0
  144 143.5 0 0
  145 144.5 0 0
  146 145.5 0 0
  147 146.5 0 0
  148 147.5 0 0
  149 148.5 0 0
  150 149.5 0 0
  151 150.5 0 0
  152 151.5 0 0
  153 152.5 0 0
  154 153.5 0 0
  155 154.5 0 0
  156 155.5 0 0
  157 156.5 0 0
  158 157.5 0 0
  159 158.5 0 0
  160 159.5 0 0
  161 160.5 0 0
  162 161.5 0 0
  163 162.5 0 0
  164 163.5 0 0
  165 164.5 0 0
  166 165.5 0 0
  167 166.5 0 0
  168 167.5 0 0
  169 168.5 0 0
  170 169.5 0 0
  171 170.5 0 0
  172 171.5 0 0
  173 172.5 0 0
  174 173.5 0 0
  175 174.5 0 0
  176 175.5 0 0
  177 176.5 0 0
  178 177.5 0 0
  179 178.5 0 0
  180 179.5 0 0
  181 180.5 0 0
  182 181.5 0 0
  183 182.5 0 0
  184 183.5 0 0
  185 184.5 0 0
  186 185.5 0 0
  187 186.5 0 0
  188 187.5 0 0
  189 188.5 0 0
  190 189.5 0 0
  191 190.5 0 0
  192 191.5 0 0
  193 192.5 0 0
  194 193.5 0 0
  195 194.5 0 0
  196 195.5 0 0
  197 196.5 0 0
  198 197.5 0 0
  199 198.5 0 0
  200 199.5 0 0
  201 200.5 0 0
  202 201.5 0 0
  203 202.5 0 0
  204 203.5 0 0
  205 204.5 0 0
  206 205.5 0 0
  207 206.5 0 0
  208 207.5 0 0
  209 208.5 0 0
  210 209.5 0 0
  211 210.5 0 0
  212 211.5 0 0
  213 212.5 0 0
  214 213.5 0 0
  215 214.5 0 0
  216 215.5 0 0
  217 216.5 0 0
  218 217.5 0 0
  219 218.5 0 0
  220 219.5 0 0
  221 220.5 0 0
  222 221.5 0 0
  223 222.5 0 0
  224 223.5 0 0
  225 224.5 0 0
  226 225.5 0 0
  227 226.5 0 0
  228 227.5 0 0
  229 228.5 0 0
  230 229.5 0 0
  231 230.5 0 0
  232 231.5 0 0
  233 232.5 0 0
  234 233.5 0 0
  235 234.5 0 0
  236 235.5 0 0
  237 236.5 0 0
  238 237.5 0 0
  239 238.5 0 0
  240 239.5 0 0
  241 240.5 0 0
  242 241.5 0 0
  243 242.5 0 0
  244 243.5 0 0
  245 244.5 0 0
  246 245.5 0 0
  247 246.5 0 0
  248 247.5 0 0
  249 248.5 1.9 0.000661202
  250 249.5 22.5 0.0378518
4000 250 13257.999999999998
  1 0.5 64.7 0.119828
  2 1.5 187.5 0.416194
  3 2.5 315.8 0.652879
  4 3.5 399.7 0.836844
  5 4.5 391.2 0.791234
  6 5.5 380.6 0.808768
  7 6.5 398.7 0.870016
  8 7.5 358.5 0.76855
  9 8.5 409.1 0.900925
  10 9.5 378.4 0.79438
  11 10.5 337.9 0.710375
  12 11.5 419.3 0.987611
  13 12.5 375 0.815899
  14 13.5 389.9 0.923896
  15 14.5 388.1 0.929686
  16 15.5 360.2 0.836311
  17 16.5 357.8 0.898976
  18 17.5 368.7 0.897479
  19 18.5 357.4 0.906
  20 19.5 355.6 0.870152
  21 20.5 366.8 0.833423
  22 21.5 377.5 0.875463
  23 22.5 380.8 0.840184
  24 23.5 384.6 0.826872
  25 24.5 378.3 0.825543
  26 25.5 380.6 0.836862
  27 26.5 392.7 0.875706
  28 27.5 361.3 0.828756
  29 28.5 392.4 0.849673
  30 29.5 363.9 0.778119
  31 30.5 386.1 0.845569
  32 31.5 401 0.793299
  33 32.5 388.7 0.820593
  34 33.5 386.5 0.791876
  35 34.5 358.4 0.734994
  36 35.5 316.9 0.697259
  37 36.5 169 0.336255
  38 37.5 50 0.0971131
  39 38.5 15.8 0.0308616
  40 39.5 4.7 0.00629416
  41 40.5 0 0
  42 41.5 0 0
  43 42.5 0 0
  44 43.5 0 0
  45 44.5 0 0
  46 45.5 0 0
  47 46.5 0 0
  48 47.5 0 0
  49 48.5 0 0
  50 49.5 0 0
  51 50.5 0 0
  52 51.5 0 0
  53 52.5 0 0
  54 53.5 0 0
  55 54.5 0 0
  56 55.5 0 0
  57 56.5 0 0
  58 57.5 0 0
  59 58.5 0 0
  60 59.5 0 0
  61 60.5 0 0
  62 61.5 0 0
  63 62.5 0 0
  64 63.5 0 0
  65 64.5 0 0
  66 65.5 0 0
  67 66.5 0 0
  68 67.5 0 0
  69 68.5 0 0
  70 69.5 0 0
  71 70.5 0 0
  72 71.5 0 0
  73 72.5 0 0
  74 73.5 0 0
  75 74.5 0 0
  76 75.5 0 0
  77 76.5 0 0
  78 77.5 0 0
  79 78.5 0 0
  80 79.5 0 0
  81 80.5 0 0
  82 81.5 0 0
  83 82.5 0 0
  84 83.5 0 0
  85 84.5 0 0
  86 85.5 0 0
  87 86.5 0 0
  88 87.5 0 0
  89 88.5 0 0
  90 89.5 0 0
  91 90.5 0 0
  92 91.5 0 0
  93 92.5 0 0
  94 93.5 0 0
  95 94.5 0 0
  96 95.5 0 0
  97 96.5 0 0
  98 97.5 0 0
  99 98.5 0 0
  100 99.5 0 0
  101 100.5 0 0
  102 101.5 0 0
  103 102.5 0 0
  104 103.5 0 0
  105 104.5 0 0
  106 105.5 0 0
  107 106.5 0 0
  108 107.5 0 0
  109 108.5 0 0
  110 109.5 0 0
  111 110.5 0 0
  112 111.5 0 0
  113 112.5 0 0
  114 113.5 0 0
  115 114.5 0 0
  116 115.5 0 0
  117 116.5 0 0
  118 117.5 0 0
  119 118.5 0 0
  120 119.5 0 0
  121 120.5 0 0
  122 121.5 0 0
  123 122.5 0 0
  124 123.5 0 0
  125 124.5 0 0
  126 125.5 0 0
  127 126.5 0 0
  128 127.5 0 0
  129 128.5 0 0
  130 129.5 0 0
  131 130.5 0 0
  132 131.5 0 0
  133 132.5 0 0
  134 133.5 0 0
  135 134.5 0 0
  136 135.5 0 0
  137 136.5 0 0
  138 137.5 0 0
  139 138.5 0 0
  140 139.5 0 0
  141 140.5 0 0
  142 141.5 0 0
  143 142.5 0 0
  144 143.5 0 0
  145 144.5 0 0
  146 145.5 0 0
  147 146.5 0 0
  148 147.5 0 0
  149 148.5 0 0
  150 149.5 0 0
  151 150.5 0 0
  152 151.5 0 0
  153 152.5 0 0
  154 153.5 0 0
  155 154.5 0 0
  156 155.5 0 0
  157 156.5 0 0
  158 157.5 0 0
  159 158.5 0 0
  160 159.5 0 0
  161 160.5 0 0
  162 161.5 0 0
  163 162.5 0 0
  164 163.5 0 0
  165 164.5 0 0
  166 165.5 0 0
  167 166.5 0 0
  168 167.5 0 0
  169 168.5 0 0
  170 169.5 0 0
  171 170.5 0 0
  172 171.5 0 0
  173 172.5 0 0
  174 173.5 0 0
  175 174.5 0 0
  176 175.5 0 0
  177 176.5 0 0
  178 177.5 0 0
  179 178.5 0 0
  180 179.5 0 0
  181 180.5 0 0
  182 181.5 0 0
  183 182.5 0 0
  184 183.5 0 0
  185 184.5 0 0
  186 185.5 0 0
  187 186.5 0 0
  188 187.5 0 0
  189 188.5 0 0
  190 189.5 0 0
  191 190.5 0 0
  192 191.5 0 0
  193 192.5 0 0
  194 193.5 0 0
  195 194.5 0 0
  196 195.5 0 0
  197 196.5 0 0
  198 197.5 0 0
  199 198.5 0 0
  200 199.5 0 0
  201 200.5 0 0
  202 201.5 0 0
  203 202.5 0 0
  204 203.5 0 0
  205 204.5 0 0
  206 205.5 0 0
  207 206.5 0 0
  208 207.5 0 0
  209 208.5 0 0
  210 209.5 0 0
  211 210.5 0 0
  212 211.5 0 0
  213 212.5 0 0
  214 213.5 0 0
  215 214.5 0 0
  216 215.5 0 0
  217 216.5 0 0
  218 217.5 0 0
  219 218.5 0 0
  220 219.5 0 0
  221 220.5 0 0
  222 221.5 0 0
  223 222.5 0 0
  224 223.5 0 0
  225 224.5 0 0
  226 225.5 0 0
  227 226.5 0 0
  228 227.5 0 0
  229 228.5 0 0
  230 229.5 0 0
  231 230.5 0 0
  232 231.5 0 0
  233 232.5 0 0
  234 233.5 0 0
  235 234.5 0 0
  236 235.5 0 0
  237 236.5 0 0
  238 237.5 0 0
  239 238.5 0 0
  240 239.5 0 0
  241 240.5 0 0
  242 241.5 0 0
  243 242.5 0 0
  244 243.5 0 0
  245 244.5 0 0
  246 245.5 0 0
  247 246.5 0 0
  248 247.5 0 0
  249 248.5 0 0
  250 249.5 7.9 0.00947823
4500 250 13258.000000000002
  1 0.5 51.9 0.0957038
  2 1.5 169.1 0.386498
  3 2.5 316.5 0.645876
  4 3.5 375.4 0.794742
  5 4.5 408.5 0.816096
  6 5.5 387.3 0.833047
  7 6.5 402.3 0.857635
  8 7.5 380.5 0.840669
  9 8.5 375 0.782388
  10 9.5 397.4 0.877498
  11 10.5 379.5 0.793216
  12 11.5 393.3 0.917006
  13 12.5 383.4 0.87703
  14 13.5 380.6 0.863252
  15 14.5 401.2 0.986026
  16 15.5 353.1 0.790811
  17 16.5 356 0.932723
  18 17.5 365.7 0.869861
  19 18.5 387.3 0.972246
  20 19.5 358.1 0.839891
  21 20.5 389.4 0.923687
  22 21.5 384.8 0.812569
  23 22.5 371.8 0.886956
  24 23.5 376.9 0.790272
  25 24.5 368.9 0.817098
  26 25.5 409.2 0.894438
  27 26.5 383.4 0.865256
  28 27.5 367.7 0.828879
  29 28.5 374.8 0.824567
  30 29.5 389.5 0.828368
  31 30.5 354 0.745886
  32 31.5 411.5 0.863725
  33 32.5 395.9 0.812746
  34 33.5 356.1 0.725912
  35 34.5 367.9 0.771427
  36 35.5 283.4 0.606406
  37 36.5 155.3 0.328899
  38 37.5 68.1 0.138092
  39 38.5 17.6 0.0263119
  40 39.5 1.4 0.000487202
  41 40.5 0 0
  42 41.5 0 0
  43 42.5 0 0
  44 43.5 0 0
  45 44.5 0 0
  46 45.5 0 0
  47 46.5 0 0
  48 47.5 0 0
  49 48.5 0 0
  50 49.5 0 0
  51 50.5 0 0
  52 51.5 0 0
  53 52.5 0 0
  54 53.5 0 0
  55 54.5 0 0
  56 55.5 0 0
  57 56.5 0 0
  58 57.5 0 0
  59 58.5 0 0
  60 59.5 0 0
  61 60.5 0 0
  62 61.5 0 0
  63 62.5 0 0
  64 63.5 0 0
  65 64.5 0 0
  66 65.5 0 0
  67 66.5 0 0
  68 67.5 0 0
  69 68.5 0 0
  70 69.5 0 0
  71 70.5 0 0
  72 71.5 0 0
  73 72.5 0 0
  74 73.5 0 0
  75 74.5 0 0
  76 75.5 0 0
  77 76.5 0 0
  78 77.5 0 0
  79 78.5 0 0
  80 79.5 0 0
  81 80.5 0 0
  82 81.5 0 0
  83 82.5 0 0
  84 83.5 0 0
  85 84.5 0 0
  86 85.5 0 0
  87 86.5 0 0
  88 87.5 0 0
  89 88.5 0 0
  90 89.5 0 0
  91 90.5 0 0
  92 91.5 0 0
  93 92.5 0 0
  94 93.5 0 0
  95 94.5 0 0
  96 95.5 0 0
  97 96.5 0 0
  98 97.5 0 0
  99 98.5 0 0
  100 99.5 0 0
  101 100.5 0 0
  102 101.5 0 0
  103 102.5 0 0
  104 103.5 0 0
  105 104.5 0 0
  106 105.5 0 0
  107 106.5 0 0
  108 107.5 0 0
  109 108.5 0 0
  110 109.5 0 0
  111 110.5 0 0
  112 111.5 0 0
  113 112.5 0 0
  114 113.5 0 0
  115 114.5 0 0
  116 115.5 0 0
  117 116.5 0 0
  118 117.5 0 0
  119 118.5 0 0
  120 119.5 0 0
  121 120.5 0 0
  122 121.5 0 0
  123 122.5 0 0
  124 123.5 0 0
  125 124.5 0 0
  126 125.5 0 0
  127 126.5 0 0
  128 127.5 0 0
  129 128.5 0 0
  130 129.5 0 0
  131 130.5 0 0
  132 131.5 0 0
  133 132.5 0 0
  134 133.5 0 0
  135 134.5 0 0
  136 135.5 0 0
  137 136.5 0 0
  138 137.5 0 0
  139 138.5 0 0
  140 139.5 0 0
  141 140.5 0 0
  142 141.5 0 0
  143 142.5 0 0
  144 143.5 0 0
  145 144.5 0 0
  146 145.5 0 0
  147 146.5 0 0
  148 147.5 0 0
  149 148.5 0 0
  150 149.5 0 0
  151 150.5 0 0
  152 151.5 0 0
  153 152.5 0 0
  154 153.5 0 0
  155 154.5 0 0
  156 155.5 0 0
  157 156.5 0 0
  158 157.5 0 0
  159 158.5 0 0
  160 159.5 0 0
  161 160.5 0 0
  162 161.5 0 0
  163 162.5 0 0
  164 163.5 0 0
  165 164.5 0 0
  166 165.5 0 0
  167 166.5 0 0
  168 167.5 0 0
  169 168.5 0 0
  170 169.5 0 0
  171 170.5 0 0
  172 171.5 0 0
  173 172.5 0 0
  174 173.5 0 0
  175 174.5 0 0
  176 175.5 0 0
  177 176.5 0 0
  178 177.5 0 0
  179 178.5 0 0
  180 179.5 0 0
  181 180.5 0 0
  182 181.5 0 0
  183 182.5 0 0
  184 183.5 0 0
  185 184.5 0 0
  186 185.5 0 0
  187 186.5 0 0
  188 187.5 0 0
  189 188.5 0 0
  190 189.5 0 0
  191 190.5 0 0
  192 191.5 0 0
  193 192.5 0 0
  194 193.5 0 0
  195 194.5 0 0
  196 195.5 0 0
  197 196.5 0 0
  198 197.5 0 0
  199 198.5 0 0
  200 199.5 0 0
  201 200.5 0 0
  202 201.5 0 0
  203 202.5 0 0
  204 203.5 0 0
  205 204.5 0 0
  206 205.5 0 0
  207 206.5 0 0
  208 207.5 0 0
  209 208.5 0 0
  210 209.5 0 0
  211 210.5 0 0
  212 211.5 0 0
  213 212.5 0 0
  214 213.5 0 0
  215 214.5 0 0
  216 215.5 0 0
  217 216.5 0 0
  218 217.5 0 0
  219 218.5 0 0
  220 219.5 0 0
  221 220.5 0 0
  222 221.5 0 0
  223 222.5 0 0
  224 223.5 0 0
  225 224.5 0 0
  226 225.5 0 0
  227 226.5 0 0
  228 227.5 0 0
  229 228.5 0 0
  230 229.5 0 0
  231 230.5 0 0
  232 231.5 0 0
  233 232.5 0 0
  234 233.5 0 0
  235 234.5 0 0
  236 235.5 0 0
  237 236.5 0 0
  238 237.5 0 0
  239 238.5 0 0
  240 239.5 0 0
  241 240.5 0 0
  242 241.5 0 0
  243 242.5 0 0
  244 243.5 0 0
  245 244.5 0 0
  246 245.5 0 0
  247 246.5 0 0
  248 247.5 0 0
  249 248.5 0.2 6.96002e-05
  250 249.5 8.1 0.00592451
5000 250 13257.999999999998
  1 0.5 75.6 0.160889
  2 1.5 204.8 0.440331
  3 2.5 339.2 0.724689
  4 3.5 389.8 0.768696
  5 4.5 393.7 0.845005
  6 5.5 370.5 0.785481
  7 6.5 380 0.817481
  8 7.5 392.2 0.822887
  9 8.5 365.8 0.771734
  10 9.5 395.4 0.877049
  11 10.5 367.3 0.795763
  12 11.5 378.1 0.887497
  13 12.5 383.3 0.819705
  14 13.5 384.5 0.922618
  15 14.5 375.4 0.87401
  16 15.5 352.9 0.842391
  17 16.5 351.2 0.881455
  18 17.5 361 0.882222
  19 18.5 380.6 0.978561
  20 19.5 381.7 0.917201
  21 20.5 369.3 0.858381
  22 21.5 369.6 0.802445
  23 22.5 371.9 0.841713
  24 23.5 373.5 0.7914
  25 24.5 382 0.831481
  26 25.5 385.3 0.832294
  27 26.5 381.7 0.891189
  28 27.5 383.9 0.813334
  29 28.5 376.7 0.883316
  30 29.5 390.1 0.858149
  31 30.5 370.2 0.751006
  32 31.5 384.3 0.790593
  33 32.5 411.9 0.886122
  34 33.5 343.8 0.664176
  35 34.5 350.3 0.747186
  36 35.5 299.7 0.616737
  37 36.5 158.4 0.348612
  38 37.5 83.1 0.162982
  39 38.5 22 0.0521711
  40 39.5 5.2 0.00180961
  41 40.5 0 0
  42 41.5 0 0
  43 42.5 0 0
  44 43.5 0 0
  45 44.5 0 0
  46 45.5 0 0
  47 46.5 0 0
  48 47.5 0 0
  49 48.5 0 0
  50 49.5 0 0
  51 50.5 0 0
  52 51.5 0 0
  53 52.5 0 0
  54 53.5 0 0
  55 54.5 0 0
  56 55.5 0 0
  57 56.5 0 0
  58 57.5 0 0
  59 58.5 0 0
  60 59.5 0 0
  61 60.5 0 0
  62 61.5 0 0
  63 62.5 0 0
  64 63.5 0 0
  65 64.5 0 0
  66 65.5 0 0
  67 66.5 0 0
  68 67.5 0 0
  69 68.5 0 0
  70 69.5 0 0
  71 70.5 0 0
  72 71.5 0 0
  73 72.5 0 0
  74 73.5 0 0
  75 74.5 0 0
  76 75.5 0 0
  77 76.5 0 0
  78 77.5 0 0
  79 78.5 0 0
  80 79.5 0 0
  81 80.5 0 0
  82 81.5 0 0
  83 82.5 0 0
  84 83.5 0 0
  85 84.5 0 0
  86 85.5 0 0
  87 86.5 0 0
  88 87.5 0 0
  89 88.5 0 0
  90 89.5 0 0
  91 90.5 0 0
  92 91.5 0 0
  93 92.5 0 0
  94 93.5 0 0
  95 94.5 0 0
  96 95.5 0 0
  97 96.5 0 0
  98 97.5 0 0
  99 98.5 0 0
  100 99.5 0 0
  101 100.5 0 0
  102 101.5 0 0
  103 102.5 0 0
  104 103.5 0 0
  105 104.5 0 0
  106 105.5 0 0
  107 106.5 0 0
  108 107.5 0 0
  109 108.5 0 0
  110 109.5 0 0
  111 110.5 0 0
  112 111.5 0 0
  113 112.5 0 0
  114 113.5 0 0
  115 114.5 0 0
  116 115.5 0 0
  117 116.5 0 0
  118 117.5 0 0
  119 118.5 0 0
  120 119.5 0 0
  121 120.5 0 0
  122 121.5 0 0
  123 122.5 0 0
  124 123.5 0 0
  125 124.5 0 0
  126 125.5 0 0
  127 126.5 0 0
  128 127.5 0 0
  129 128.5 0 0
  130 129.5 0 0
  131 130.5 0 0
  132 131.5 0 0
  133 132.5 0 0
  134 133.5 0 0
  135 134.5 0 0
  136 135.5 0 0
  137 136.5 0 0
  138 137.5 0 0
  139 138.5 0 0
  140 139.5 0 0
  141 140.5 0 0
  142 141.5 0 0
  143 142.5 0 0
  144 143.5 0 0
  145 144.5 0 0
  146 145.5 0 0
  147 146.5 0 0
  148 147.5 0 0
  149 148.5 0 0
  150 149.5 0 0
  151 150.5 0 0
  152 151.5 0 0
  153 152.5 0 0
  154 153.5 0 0
  155 154.5 0 0
  156 155.5 0 0
  157 156.5 0 0
  158 157.5 0 0
  159 158.5 0 0
  160 159.5 0 0
  161 160.5 0 0
  162 161.5 0 0
  163 162.5 0 0
  164 163.5 0 0
  165 164.5 0 0
  166 165.5 0 0
  167 166.5 0 0
  168 167.5 0 0
  169 168.5 0 0
  170 169.5 0 0
  171 170.5 0 0
  172 171.5 0 0
  173 172.5 0 0
  174 173.5 0 0
  175 174.5 0 0
  176 175.5 0 0
  177 176.5 0 0
  178 177.5 0 0
  179 178.5 0 0
  180 179.5 0 0
  181 180.5 0 0
  182 181.5 0 0
  183 182.5 0 0
  184 183.5 0 0
  185 184.5 0 0
  186 185.5 0 0
  187 186.5 0 0
  188 187.5 0 0
  189 188.5 0 0
  190 189.5 0 0
  191 190.5 0 0
  192 191.5 0 0
  193 192.5 0 0
  194 193.5 0 0
  195 194.5 0 0
  196 195.5 0 0
  197 196.5 0 0
  198 197.5 0 0
  199 198.5 0 0
  200 199.5 0 0
  201 200.5 0 0
  202 201.5 0 0
  203 202.5 0 0
  204 203.5 0 0
  205 204.5 0 0
  206 205.5 0 0
  207 206.5 0 0
  208 207.5 0 0
  209 208.5 0 0
  210 209.5 0 0
  211 210.5 0 0
  212 211.5 0 0
  213 212.5 0 0
  214 213.5 0 0
  215 214.5 0 0
  216 215.5 0 0
  217 216.5 0 0
  218 217.5 0 0
  219 218.5 0 0
  220 219.5 0 0
  221 220.5 0 0
  222 221.5 0 0
  223 222.5 0 0
  224 223.5 0 0
  225 224.5 0 0
  226 225.5 0 0
  227 226.5 0 0
  228 227.5 0 0
  229 228.5 0 0
  230 229.5 0 0
  231 230.5 0 0
  232 231.5 0 0
  233 232.5 0 0
  234 233.5 0 0
  235 234.5 0 0
  236 235.5 0 0
  237 236.5 0 0
  238 237.5 0 0
  239 238.5 0 0
  240 239.5 0 0
  241 240.5 0 0
  242 241.5 0 0
  243 242.5 0 0
  244 243.5 0 0
  245 244.5 0 0
  246 245.5 0 0
  247 246.5 0 0
  248 247.5 0.8 0.000278401
  249 248.5 3 0.00622017
  250 249.5 18.3 0.0229322
5500 250 13257.999999999998
  1 0.5 104.3 0.213321
  2 1.5 222.4 0.476996
  3 2.5 344.4 0.738404
  4 3.5 365.5 0.707339
  5 4.5 408.2 0.897328
  6 5.5 412.3 0.875198
  7 6.5 347.5 0.732555
  8 7.5 365.6 0.803517
  9 8.5 405.3 0.867573
  10 9.5 387 0.824059
  11 10.5 370.3 0.78828
  12 11.5 364.4 0.837767
  13 12.5 381.3 0.851655
  14 13.5 386.5 0.926454
  15 14.5 368.9 0.828157
  16 15.5 343.3 0.849892
  17 16.5 372.9 0.920076
  18 17.5 352.9 0.899511
  19 18.5 363.7 0.890696
  20 19.5 377.4 0.9248
  21 20.5 353.8 0.822586
  22 21.5 361.1 0.760319
  23 22.5 368.6 0.861304
  24 23.5 369.9 0.754402
  25 24.5 376.3 0.863214
  26 25.5 377.3 0.806248
  27 26.5 350.3 0.817742
  28 27.5 401 0.874528
  29 28.5 351.5 0.784029
  30 29.5 402.1 0.897765
  31 30.5 367.3 0.758589
  32 31.5 385.2 0.795047
  33 32.5 394.4 0.8262
  34 33.5 391.4 0.816356
  35 34.5 332.7 0.676359
  36 35.5 287.1 0.596306
  37 36.5 221.2 0.477096
  38 37.5 69.5 0.126674
  39 38.5 22.5 0.0466513
  40 39.5 4.9 0.00998708
  41 40.5 0.3 0.0001044
  42 41.5 0 0
  43 42.5 0 0
  44 43.5 0 0
  45 44.5 0 0
  46 45.5 0 0
  47 46.5 0 0
  48 47.5 0 0
  49 48.5 0 0
  50 49.5 0 0
  51 50.5 0 0
  52 51.5 0 0
  53 52.5 0 0
  54 53.5 0 0
  55 54.5 0 0
  56 55.5 0 0
  57 56.5 0 0
  58 57.5 0 0
  59 58.5 0 0
  60 59.5 0 0
  61 60.5 0 0
  62 61.5 0 0
  63 62.5 0 0
  64 63.5 0 0
  65 64.5 0 0
  66 65.5 0 0
  67 66.5 0 0
  68 67.5 0 0
  69 68.5 0 0
  70 69.5 0 0
  71 70.5 0 0
  72 71.5 0 0
  73 72.5 0 0
  74 73.5 0 0
  75 74.5 0 0
  76 75.5 0 0
  77 76.5 0 0
  78 77.5 0 0
  79 78.5 0 0
  80 79.5 0 0
  81 80.5 0 0
  82 81.5 0 0
  83 82.5 0 0
  84 83.5 0 0
  85 84.5 0 0
  86 85.5 0 0
  87 86.5 0 0
  88 87.5 0 0
  89 88.5 0 0
  90 89.5 0 0
  91 90.5 0 0
  92 91.5 0 0
  93 92.5 0 0
  94 93.5 0 0
  95 94.5 0 0
  96 95.5 0 0
  97 96.5 0 0
  98 97.5 0 0
  99 98.5 0 0
  100 99.5 0 0
  101 100.5 0 0
  102 101.5 0 0
  103 102.5 0 0
  104 103.5 0 0
  105 104.5 0 0
  106 105.5 0 0
  107 106.5 0 0
  108 107.5 0 0
  109 108.5 0 0
  110 109.5 0 0
  111 110.5 0 0
  112 111.5 0 0
  113 112.5 0 0
  114 113.5 0 0
  115 114.5 0 0
  116 115.5 0 0
  117 116.5 0 0
  118 117.5 0 0
  119 118.5 0 0
  120 119.5 0 0
  121 120.5 0 0
  122 121.5 0 0
  123 122.5 0 0
  124 123.5 0 0
  125 124.5 0 0
  126 125.5 0 0
  127 126.5 0 0
  128 127.5 0 0
  129 128.5 0 0
  130 129.5 0 0
  131 130.5 0 0
  132 131.5 0 0
  133 132.5 0 0
  134 133.5 0 0
  135 134.5 0 0
  136 135.5 0 0
  137 136.5 0 0
  138 137.5 0 0
  139 138.5 0 0
  140 139.5 0 0
  141 140.5 0 0
  142 141.5 0 0
  143 142.5 0 0
  144 143.5 0 0
  145 144.5 0 0
  146 145.5 0 0
  147 146.5 0 0
  148 147.5 0 0
  149 148.5 0 0
  150 149.5 0 0
  151 150.5 0 0
  152 151.5 0 0
  153 152.5 0 0
  154 153.5 0 0
  155 154.5 0 0
  156 155.5 0 0
  157 156.5 0 0
  158 157.5 0 0
  159 158.5 0 0
  160 159.5 0 0
  161 160.5 0 0
  162 161.5 0 0
  163 162.5 0 0
  164 163.5 0 0
  165 164.5 0 0
  166 165.5 0 0
  167 166.5 0 0
  168 167.5 0 0
  169 168.5 0 0
  170 169.5 0 0
  171 170.5 0 0
  172 171.5 0 0
  173 172.5 0 0
  174 173.5 0 0
  175 174.5 0 0
  176 175.5 0 0
  177 176.5 0 0
  178 177.5 0 0
  179 178.5 0 0
  180 179.5 0 0
  181 180.5 0 0
  182 181.5 0 0
  183 182.5 0 0
  184 183.5 0 0
  185 184.5 0 0
  186 185.5 0 0
  187 186.5 0 0
  188 187.5 0 0
  189 188.5 0 0
  190 189.5 0 0
  191 190.5 0 0
  192 191.5 0 0
  193 192.5 0 0
  194 193.5 0 0
  195 194.5 0 0
  196 195.5 0 0
  197 196.5 0 0
  198 197.5 0 0
  199 198.5 0 0
  200 199.5 0 0
  201 200.5 0 0
  202 201.5 0 0
  203 202.5 0 0
  204 203.5 0 0
  205 204.5 0 0
  206 205.5 0 0
  207 206.5 0 0
  208 207.5 0 0
  209 208.5 0 0
  210 209.5 0 0
  211 210.5 0 0
  212 211.5 0 0
  213 212.5 0 0
  214 213.5 0 0
  215 214.5 0 0
  216 215.5 0 0
  217 216.5 0 0
  218 217.5 0 0
  219 218.5 0 0
  220 219.5 0 0
  221 220.5 0 0
  222 221.5 0 0
  223 222.5 0 0
  224 223.5 0 0
  225 224.5 0 0
  226 225.5 0 0
  227 226.5 0 0
  228 227.5 0 0
  229 228.5 0 0
  230 229.5 0 0
  231 230.5 0 0
  232 231.5 0 0
  233 232.5 0 0
  234 233.5 0 0
  235 234.5 0 0
  236 235.5 0 0
  237 236.5 0 0
  238 237.5 0 0
  239 238.5 0 0
  240 239.5 0 0
  241 240.5 0 0
  242 241.5 0 0
  243 242.5 0 0
  244 243.5 0 0
  245 244.5 0 0
  246 245.5 0 0
  247 246.5 0 0
  248 247.5 0 0
  249 248.5 3.1 0.00314927
  250 249.5 22.4 0.0419579
6000 250 13258.000000000004
  1 0.5 93 0.165392
  2 1.5 247.2 0.537905
  3 2.5 346.1 0.728125
  4 3.5 400.5 0.854307
  5 4.5 381.2 0.798221
  6 5.5 384.4 0.812481
  7 6.5 362 0.779458
  8 7.5 360.6 0.781311
  9 8.5 391.2 0.81636
  10 9.5 361 0.795029
  11 10.5 374.4 0.820289
  12 11.5 376.2 0.845808
  13 12.5 398.4 0.879099
  14 13.5 368.9 0.867247
  15 14.5 359.1 0.81014
  16 15.5 341 0.821981
  17 16.5 391 1.00209
  18 17.5 350.4 0.852019
  19 18.5 362.8 0.931994
  20 19.5 372.3 0.866165
  21 20.5 370.3 0.856966
  22 21.5 358.4 0.80296
  23 22.5 384.7 0.854897
  24 23.5 376.8 0.83303
  25 24.5 377.1 0.808359
  26 25.5 371.3 0.827312
  27 26.5 349.2 0.813939
  28 27.5 390.1 0.859147
  29 28.5 357.1 0.779212
  30 29.5 384.7 0.835358
  31 30.5 397.4 0.839667
  32 31.5 369.2 0.770845
  33 32.5 393.6 0.813498
  34 33.5 376.6 0.798783
  35 34.5 333.2 0.642888
  36 35.5 302.8 0.66906
  37 36.5 188.7 0.387626
  38 37.5 88.1 0.185426
  39 38.5 20.8 0.0346721
  40 39.5 3.2 0.00628977
  41 40.5 0.3 0.0001044
  42 41.5 0 0
  43 42.5 0 0
  44 43.5 0 0
  45 44.5 0 0
  46 45.5 0 0
  47 46.5 0 0
  48 47.5 0 0
  49 48.5 0 0
  50 49.5 0 0
  51 50.5 0 0
  52 51.5 0 0
  53 52.5 0 0
  54 53.5 0 0
  55 54.5 0 0
  56 55.5 0 0
  57 56.5 0 0
  58 57.5 0 0
  59 58.5 0 0
  60 59.5 0 0
  61 60.5 0 0
  62 61.5 0 0
  63 62.5 0 0
  64 63.5 0 0
  65 64.5 0 0
  66 65.5 0 0
  67 66.5 0 0
  68 67.5 0 0
  69 68.5 0 0
  70 69.5 0 0
  71 70.5 0 0
  72 71.5 0 0
  73 72.5 0 0
  74 73.5 0 0
  75 74.5 0 0
  76 75.5 0 0
  77 76.5 0 0
  78 77.5 0 0
  79 78.5 0 0
  80 79.5 0 0
  81 80.5 0 0
  82 81.5 0 0
  83 82.5 0 0
  84 83.5 0 0
  85 84.5 0 0
  86 85.5 0 0
  87 86.5 0 0
  88 87.5 0 0
  89 88.5 0 0
  90 89.5 0 0
  91 90.5 0 0
  92 91.5 0 0
  93 92.5 0 0
  94 93.5 0 0
  95 94.5 0 0
  96 95.5 0 0
  97 96.5 0 0
  98 97.5 0 0
  99 98.5 0 0
  100 99.5 0 0
  101 100.5 0 0
  102 101.5 0 0
  103 102.5 0 0
  104 103.5 0 0
  105 104.5 0 0
  106 105.5 0 0
  107 106.5 0 0
  108 107.5 0 0
  109 108.5 0 0
  110 109.5 0 0
  111 110.5 0 0
  112 111.5 0 0
  113 112.5 0 0
  114 113.5 0 0
  115 114.5 0 0
  116 115.5 0 0
  117 116.5 0 0
  118 117.5 0 0
  119 118.5 0 0
  120 119.5 0 0
  121 120.5 0 0
  122 121.5 0 0
  123 122.5 0 0
  124 123.5 0 0
  125 124.5 0 0
  126 125.5 0 0
  127 126.5 0 0
  128 127.5 0 0
  129 128.5 0 0
  130 129.5 0 0
  131 130.5 0 0
  132 131.5 0 0
  133 132.5 0 0
  134 133.5 0 0
  135 134.5 0 0
  136 135.5 0 0
  137 136.5 0 0
  138 137.5 0 0
  139 138.5 0 0
  140 139.5 0 0
  141 140.5 0 0
  142 141.5 0 0
  143 142.5 0 0
  144 143.5 0 0
  145 144.5 0 0
  146 145.5 0 0
  147 146.5 0 0
  148 147.5 0 0
  149 148.5 0 0
  150 149.5 0 0
  151 150.5 0 0
  152 151.5 0 0
  153 152.5 0 0
  154 153.5 0 0
  155 154.5 0 0
  156 155.5 0 0
  157 156.5 0 0
  158 157.5 0 0
  159 158.5 0 0
  160 159.5 0 0
  161 160.5 0 0
  162 161.5 0 0
  163 162.5 0 0
  164 163.5 0 0
  165 164.5 0 0
  166 165.5 0 0
  167 166.5 0 0
  168 167.5 0 0
  169 168.5 0 0
  170 169.5 0 0
  171 170.5 0 0
  172 171.5 0 0
  173 172.5 0 0
  174 173.5 0 0
  175 174.5 0 0
  176 175.5 0 0
  177 176.5 0 0
  178 177.5 0 0
  179 178.5 0 0
  180 179.5 0 0
  181 180.5 0 0
  182 181.5 0 0
  183 182.5 0 0
  184 183.5 0 0
  185 184.5 0 0
  186 185.5 0 0
  187 186.5 0 0
  188 187.5 0 0
  189 188.5 0 0
  190 189.5 0 0
  191 190.5 0 0
  192 191.5 0 0
  193 192.5 0 0
  194 193.5 0 0
  195 194.5 0 0
  196 195.5 0 0
  197 196.5 0 0
  198 197.5 0 0
  199 198.5 0 0
  200 199.5 0 0
  201 200.5 0 0
  202 201.5 0 0
  203 202.5 0 0
  204 203.5 0 0
  205 204.5 0 0
  206 205.5 0 0
  207 206.5 0 0
  208 207.5 0 0
  209 208.5 0 0
  210 209.5 0 0
  211 210.5 0 0
  212 211.5 0 0
  213 212.5 0 0
  214 213.5 0 0
  215 214.5 0 0
  216 215.5 0 0
  217 216.5 0 0
  218 217.5 0 0
  219 218.5 0 0
  220 219.5 0 0
  221 220.5 0 0
  222 221.5 0 0
  223 222.5 0 0
  224 223.5 0 0
  225 224.5 0 0
  226 225.5 0 0
  227 226.5 0 0
  228 227.5 0 0
  229 228.5 0 0
  230 229.5 0 0
  231 230.5 0 0
  232 231.5 0 0
  233 232.5 0 0
  234 233.5 0 0
  235 234.5 0 0
  236 235.5 0 0
  237 236.5 0 0
  238 237.5 0 0
  239 238.5 0 0
  240 239.5 0 0
  241 240.5 0 0
  242 241.5 0 0
  243 242.5 0 0
  244 243.5 0 0
  245 244.5 0 0
  246 245.5 0 0
  247 246.5 0 0
  248 247.5 1 0.000348001
  249 248.5 9.1 0.0130015
  250 249.5 32.6 0.0713884
6500 250 13258
  1 0.5 94.1 0.190102
  2 1.5 242.5 0.499001
  3 2.5 339.1 0.754676
  4 3.5 384 0.788108
  5 4.5 400.7 0.846487
  6 5.5 384.5 0.845715
  7 6.5 354.1 0.71797
  8 7.5 362.7 0.771689
  9 8.5 389.9 0.856113
  10 9.5 375.9 0.788583
  11 10.5 376.9 0.88386
  12 11.5 373 0.798556
  13 12.5 386.1 0.87557
  14 13.5 378.7 0.855552
  15 14.5 375.9 0.90488
  16 15.5 372 0.91014
  17 16.5 353.6 0.837308
  18 17.5 359.8 0.913206
  19 18.5 363.5 0.861018
  20 19.5 386 0.963236
  21 20.5 361.5 0.824931
  22 21.5 372.3 0.818595
  23 22.5 362.1 0.826152
  24 23.5 402.9 0.827968
  25 24.5 351.3 0.816771
  26 25.5 391.4 0.84111
  27 26.5 373.6 0.918264
  28 27.5 362.6 0.719268
  29 28.5 370.4 0.906206
  30 29.5 389.9 0.798412
  31 30.5 386.8 0.833907
  32 31.5 377.9 0.767143
  33 32.5 374.8 0.754677
  34 33.5 369.5 0.766808
  35 34.5 364.4 0.793502
  36 35.5 254.2 0.486509
  37 36.5 194.2 0.436125
  38 37.5 81.6 0.156248
  39 38.5 21.8 0.0484782
  40 39.5 3.6 0.0012528
  41 40.5 0 0
  42 41.5 0 0
  43 42.5 0 0
  44 43.5 0 0
  45 44.5 0 0
  46 45.5 0 0
  47 46.5 0 0
  48 47.5 0 0
  49 48.5 0 0
  50 49.5 0 0
  51 50.5 0 0
  52 51.5 0 0
  53 52.5 0 0
  54 53.5 0 0
  55 54.5 0 0
  56 55.5 0 0
  57 56.5 0 0
  58 57.5 0 0
  59 58.5 0 0
  60 59.5 0 0
  61 60.5 0 0
  62 61.5 0 0
  63 62.5 0 0
  64 63.5 0 0
  65 64.5 0 0
  66 65.5 0 0
  67 66.5 0 0
  68 67.5 0 0
  69 68.5 0 0
  70 69.5 0 0
  71 70.5 0 0
  72 71.5 0 0
  73 72.5 0 0
  74 73.5 0 0
  75 74.5 0 0
  76 75.5 0 0
  77 76.5 0 0
  78 77.5 0 0
  79 78.5 0 0
  80 79.5 0 0
  81 80.5 0 0
  82 81.5 0 0
  83 82.5 0 0
  84 83.5 0 0
  85 84.5 0 0
  86 85.5 0 0
  87 86.5 0 0
  88 87.5 0 0
  89 88.5 0 0
  90 89.5 0 0
  91 90.5 0 0
  92 91.5 0 0
  93 92.5 0 0
  94 93.5 0 0
  95 94.5 0 0
  96 95.5 0 0
  97 96.5 0 0
  98 97.5 0 0
  99 98.5 0 0
  100 99.5 0 0
  101 100.5 0 0
  102 101.5 0 0
  103 102.5 0 0
  104 103.5 0 0
  105 104.5 0 0
  106 105.5 0 0
  107 106.5 0 0
  108 107.5 0 0
  109 108.5 0 0
  110 109.5 0 0
  111 110.5 0 0
  112 111.5 0 0
  113 112.5 0 0
  114 113.5 0 0
  115 114.5 0 0
  116 115.5 0 0
  117 116.5 0 0
  118 117.5 0 0
  119 118.5 0 0
  120 119.5 0 0
  121 120.5 0 0
  122 121.5 0 0
  123 122.5 0 0
  124 123.5 0 0
  125 124.5 0 0
  126 125.5 0 0
  127 126.5 0 0
  128 127.5 0 0
  129 128.5 0 0
  130 129.5 0 0
  131 130.5 0 0
  132 131.5 0 0
  133 132.5 0 0
  134 133.5 0 0
  135 134.5 0 0
  136 135.5 0 0
  137 136.5 0 0
  138 137.5 0 0
  139 138.5 0 0
  140 139.5 0 0
  141 140.5 0 0
  142 141.5 0 0
  143 142.5 0 0
  144 143.5 0 0
  145 144.5 0 0
  146 145.5 0 0
  147 146.5 0 0
  148 147.5 0 0
  149 148.5 0 0
  150 149.5 0 0
  151 150.5 0 0
  152 151.5 0 0
  153 152.5 0 0
  154 153.5 0 0
  155 154.5 0 0
  156 155.5 0 0
  157 156.5 0 0
  158 157.5 0 0
  159 158.5 0 0
  160 159.5 0 0
  161 160.5 0 0
  162 161.5 0 0
  163 162.5 0 0
  164 163.5 0 0
  165 164.5 0 0
  166 165.5 0 0
  167 166.5 0 0
  168 167.5 0 0
  169 168.5 0 0
  170 169.5 0 0
  171 170.5 0 0
  172 171.5 0 0
  173 172.5 0 0
  174 173.5 0 0
  175 174.5 0 0
  176 175.5 0 0
  177 176.5 0 0
  178 177.5 0 0
  179 178.5 0 0
  180 179.5 0 0
  181 180.5 0 0
  182 181.5 0 0
  183 182.5 0 0
  184 183.5 0 0
  185 184.5 0 0
  186 185.5 0 0
  187 186.5 0 0
  188 187.5 0 0
  189 188.5 0 0
  190 189.5 0 0
  191 190.5 0 0
  192 191.5 0 0
  193 192.5 0 0
  194 193.5 0 0
  195 194.5 0 0
  196 195.5 0 0
  197 196.5 0 0
  198 197.5 0 0
  199 198.5 0 0
  200 199.5 0 0
  201 200.5 0 0
  202 201.5 0 0
  203 202.5 0 0
  204 203.5 0 0
  205 204.5 0 0
  206 205.5 0 0
  207 206.5 0 0
  208 207.5 0 0
  209 208.5 0 0
  210 209.5 0 0
  211 210.5 0 0
  212 211.5 0 0
  213 212.5 0 0
  214 213.5 0 0
  215 214.5 0 0
  216 215.5 0 0
  217 216.5 0 0
  218 217.5 0 0
  219 218.5 0 0
  220 219.5 0 0
  221 220.5 0 0
  222 221.5 0 0
  223 222.5 0 0
  224 223.5 0 0
  225 224.5 0 0
  226 225.5 0 0
  227 226.5 0 0
  228 227.5 0 0
  229 228.5 0 0
  230 229.5 0 0
  231 230.5 0 0
  232 231.5 0 0
  233 232.5 0 0
  234 233.5 0 0
  235 234.5 0 0
  236 235.5 0 0
  237 236.5 0 0
  238 237.5 0 0
  239 238.5 0 0
  240 239.5 0 0
  241 240.5 0 0
  242 241.5 0 0
  243 242.5 0 0
  244 243.5 0 0
  245 244.5 0 0
  246 245.5 0 0
  247 246.5 0 0
  248 247.5 1.9 0.000661202
  249 248.5 6.2 0.0104395
  250 249.5 30.1 0.0549899
7000 250 13258
  1 0.5 107.3 0.222647
  2 1.5 196.8 0.405455
  3 2.5 364 0.783943
  4 3.5 402.6 0.854766
  5 4.5 386.4 0.829743
  6 5.5 367.8 0.784343
  7 6.5 369.2 0.772916
  8 7.5 378.2 0.786089
  9 8.5 373.5 0.821102
  10 9.5 385.2 0.787376
  11 10.5 375 0.896386
  12 11.5 389.7 0.845738
  13 12.5 374.5 0.852076
  14 13.5 374 0.861882
  15 14.5 383.7 0.890935
  16 15.5 359.7 0.850989
  17 16.5 383.8 0.936295
  18 17.5 355.5 0.862834
  19 18.5 371.5 0.922848
  20 19.5 379.3 0.892583
  21 20.5 350.6 0.816027
  22 21.5 381.1 0.895166
  23 22.5 368.2 0.798701
  24 23.5 400.5 0.872129
  25 24.5 368.7 0.807334
  26 25.5 377.1 0.863188
  27 26.5 379.3 0.832604
  28 27.5 360.9 0.81112
  29 28.5 398.9 0.900005
  30 29.5 386.6 0.832255
  31 30.5 381.9 0.789861
  32 31.5 377.7 0.782602
  33 32.5 393 0.801902
  34 33.5 346.4 0.722018
  35 34.5 338.4 0.681448
  36 35.5 267.5 0.605013
  37 36.5 171.6 0.352688
  38 37.5 70.9 0.132855
  39 38.5 20.7 0.0403311
  40 39.5 6.2 0.0114747
  41 40.5 1.5 0.000522002
  42 41.5 0 0
  43 42.5 0 0
  44 43.5 0 0
  45 44.5 0 0
  46 45.5 0 0
  47 46.5 0 0
  48 47.5 0 0
  49 48.5 0 0
  50 49.5 0 0
  51 50.5 0 0
  52 51.5 0 0
  53 52.5 0 0
  54 53.5 0 0
  55 54.5 0 0
  56 55.5 0 0
  57 56.5 0 0
  58 57.5 0 0
  59 58.5 0 0
  60 59.5 0 0
  61 60.5 0 0
  62 61.5 0 0
  63 62.5 0 0
  64 63.5 0 0
  65 64.5 0 0
  66 65.5 0 0
  67 66.5 0 0
  68 67.5 0 0
  69 68.5 0 0
  70 69.5 0 0
  71 70.5 0 0
  72 71.5 0 0
  73 72.5 0 0
  74 73.5 0 0
  75 74.5 0 0
  76 75.5 0 0
  77 76.5 0 0
  78 77.5 0 0
  79 78.5 0 0
  80 79.5 0 0
  81 80.5 0 0
  82 81.5 0 0
  83 82.5 0 0
  84 83.5 0 0
  85 84.5 0 0
  86 85.5 0 0
  87 86.5 0 0
  88 87.5 0 0
  89 88.5 0 0
  90 89.5 0 0
  91 90.5 0 0
  92 91.5 0 0
  93 92.5 0 0
  94 93.5 0 0
  95 94.5 0 0
  96 95.5 0 0
  97 96.5 0 0
  98 97.5 0 0
  99 98.5 0 0
  100 99.5 0 0
  101 100.5 0 0
  102 101.5 0 0
  103 102.5 0 0
  104 103.5 0 0
  105 104.5 0 0
  106 105.5 0 0
  107 106.5 0 0
  108 107.5 0 0
  109 108.5 0 0
  110 109.5 0 0
  111 110.5 0 0
  112 111.5 0 0
  113 112.5 0 0
  114 113.5 0 0
  115 114.5 0 0
  116 115.5 0 0
  117 116.5 0 0
  118 117.5 0 0
  119 118.5 0 0
  120 119.5 0 0
  121 120.5 0 0
  122 121.5 0 0
  123 122.5 0 0
  124 123.5 0 0
  125 124.5 0 0
  126 125.5 0 0
  127 126.5 0 0
  128 127.5 0 0
  129 128.5 0 0
  130 129.5 0 0
  131 130.5 0 0
  132 131.5 0 0
  133 132.5 0 0
  134 133.5 0 0
  135 134.5 0 0
  136 135.5 0 0
  137 136.5 0 0
  138 137.5 0 0
  139 138.5 0 0
  140 139.5 0 0
  141 140.5 0 0
  142 141.5 0 0
  143 142.5 0 0
  144 143.5 0 0
  145 144.5 0 0
  146 145.5 0 0
  147 146.5 0 0
  148 147.5 0 0
  149 148.5 0 0
  150 149.5 0 0
  151 150.5 0 0
  152 151.5 0 0
  153 152.5 0 0
  154 153.5 0 0
  155 154.5 0 0
  156 155.5 0 0
  157 156.5 0 0
  158 157.5 0 0
  159 158.5 0 0
  160 159.5 0 0
  161 160.5 0 0
  162 161.5 0 0
  163 162.5 0 0
  164 163.5 0 0
  165 164.5 0 0
  166 165.5 0 0
  167 166.5 0 0
  168 167.5 0 0
  169 168.5 0 0
  170 169.5 0 0
  171 170.5 0 0
  172 171.5 0 0
  173 172.5 0 0
  174 173.5 0 0
  175 174.5 0 0
  176 175.5 0 0
  177 176.5 0 0
  178 177.5 0 0
  179 178.5 0 0
  180 179.5 0 0
  181 180.5 0 0
  182 181.5 0 0
  183 182.5 0 0
  184 183.5 0 0
  185 184.5 0 0
  186 185.5 0 0
  187 186.5 0 0
  188 187.5 0 0
  189 188.5 0 0
  190 189.5 0 0
  191 190.5 0 0
  192 191.5 0 0
  193 192.5 0 0
  194 193.5 0 0
  195 194.5 0 0
  196 195.5 0 0
  197 196.5 0 0
  198 197.5 0 0
  199 198.5 0 0
  200 199.5 0 0
  201 200.5 0 0
  202 201.5 0 0
  203 202.5 0 0
  204 203.5 0 0
  205 204.5 0 0
  206 205.5 0 0
  207 206.5 0 0
  208 207.5 0 0
  209 208.5 0 0
  210 209.5 0 0
  211 210.5 0 0
  212 211.5 0 0
  213 212.5 0 0
  214 213.5 0 0
  215 214.5 0 0
  216 215.5 0 0
  217 216.5 0 0
  218 217.5 0 0
  219 218.5 0 0
  220 219.5 0 0
  221 220.5 0 0
  222 221.5 0 0
  223 222.5 0 0
  224 223.5 0 0
  225 224.5 0 0
  226 225.5 0 0
  227 226.5 0 0
  228 227.5 0 0
  229 228.5 0 0
  230 229.5 0 0
  231 230.5 0 0
  232 231.5 0 0
  233 232.5 0 0
  234 233.5 0 0
  235 234.5 0 0
  236 235.5 0 0
  237 236.5 0 0
  238 237.5 0 0
  239 238.5 0 0
  240 239.5 0 0
  241 240.5 0 0
  242 241.5 0 0
  243 242.5 0 0
  244 243.5 0 0
  245 244.5 0 0
  246 245.5 0 0
  247 246.5 0 0
  248 247.5 0 0
  249 248.5 3.4 0.0011832
  250 249.5 29.2 0.0588176
7500 250 13258.000000000005
  1 0.5 125.2 0.237158
  2 1.5 217.3 0.477291
  3 2.5 342.6 0.71024
  4 3.5 397.2 0.873038
  5 4.5 388.6 0.790273
  6 5.5 347 0.77338
  7 6.5 364.3 0.752059
  8 7.5 377.8 0.783776
  9 8.5 373.3 0.818652
  10 9.5 389 0.834424
  11 10.5 370.2 0.858174
  12 11.5 380.4 0.809747
  13 12.5 394.6 0.914594
  14 13.5 364.6 0.827934
  15 14.5 376.1 0.901477
  16 15.5 377 0.893146
  17 16.5 372.6 0.923621
  18 17.5 349.1 0.860327
  19 18.5 363.1 0.850943
  20 19.5 370.5 0.880227
  21 20.5 355.3 0.832757
  22 21.5 384.6 0.903147
  23 22.5 369.3 0.801016
  24 23.5 389.7 0.851395
  25 24.5 366.8 0.788761
  26 25.5 401.3 0.922406
  27 26.5 366.2 0.784083
  28 27.5 398.1 0.927071
  29 28.5 380.7 0.844424
  30 29.5 380.4 0.790416
  31 30.5 382.7 0.819541
  32 31.5 396.3 0.81185
  33 32.5 386.1 0.837287
  34 33.5 324.2 0.636133
  35 34.5 335 0.691135
  36 35.5 262.7 0.546923
  37 36.5 180.9 0.399922
  38 37.5 77.8 0.160102
  39 38.5 22.8 0.0353681
  40 39.5 1.2 0.000417601
  41 40.5 0 0
  42 41.5 0 0
  43 42.5 0 0
  44 43.5 0 0
  45 44.5 0 0
  46 45.5 0 0
  47 46.5 0 0
  48 47.5 0 0
  49 48.5 0 0
  50 49.5 0 0
  51 50.5 0 0
  52 51.5 0 0
  53 52.5 0 0
  54 53.5 0 0
  55 54.5 0 0
  56 55.5 0 0
  57 56.5 0 0
  58 57.5 0 0
  59 58.5 0 0
  60 59.5 0 0
  61 60.5 0 0
  62 61.5 0 0
  63 62.5 0 0
  64 63.5 0 0
  65 64.5 0 0
  66 65.5 0 0
  67 66.5 0 0
  68 67.5 0 0
  69 68.5 0 0
  70 69.5 0 0
  71 70.5 0 0
  72 71.5 0 0
  73 72.5 0 0
  74 73.5 0 0
  75 74.5 0 0
  76 75.5 0 0
  77 76.5 0 0
  78 77.5 0 0
  79 78.5 0 0
  80 79.5 0 0
  81 80.5 0 0
  82 81.5 0 0
  83 82.5 0 0
  84 83.5 0 0
  85 84.5 0 0
  86 85.5 0 0
  87 86.5 0 0
  88 87.5 0 0
  89 88.5 0 0
  90 89.5 0 0
  91 90.5 0 0
  92 91.5 0 0
  93 92.5 0 0
  94 93.5 0 0
  95 94.5 0 0
  96 95.5 0 0
  97 96.5 0 0
  98 97.5 0 0
  99 98.5 0 0
  100 99.5 0 0
  101 100.5 0 0
  102 101.5 0 0
  103 102.5 0 0
  104 103.5 0 0
  105 104.5 0 0
  106 105.5 0 0
  107 106.5 0 0
  108 107.5 0 0
  109 108.5 0 0
  110 109.5 0 0
  111 110.5 0 0
  112 111.5 0 0
  113 112.5 0 0
  114 113.5 0 0
  115 114.5 0 0
  116 115.5 0 0
  117 116.5 0 0
  118 117.5 0 0
  119 118.5 0 0
  120 119.5 0 0
  121 120.5 0 0
  122 121.5 0 0
  123 122.5 0 0
  124 123.5 0 0
  125 124.5 0 0
  126 125.5 0 0
  127 126.5 0 0
  128 127.5 0 0
  129 128.5 0 0
  130 129.5 0 0
  131 130.5 0 0
  132 131.5 0 0
  133 132.5 0 0
  134 133.5 0 0
  135 134.5 0 0
  136 135.5 0 0
  137 136.5 0 0
  138 137.5 0 0
  139 138.5 0 0
  140 139.5 0 0
  141 140.5 0 0
  142 141.5 0 0
  143 142.5 0 0
  144 143.5 0 0
  145 144.5 0 0
  146 145.5 0 0
  147 146.5 0 0
  148 147.5 0 0
  149 148.5 0 0
  150 149.5 0 0
  151 150.5 0 0
  152 151.5 0 0
  153 152.5 0 0
  154 153.5 0 0
  155 154.5 0 0
  156 155.5 0 0
  157 156.5 0 0
  158 157.5 0 0
  159 158.5 0 0
  160 159.5 0 0
  161 160.5 0 0
  162 161.5 0 0
  163 162.5 0 0
  164 163.5 0 0
  165 164.5 0 0
  166 165.5 0 0
  167 166.5 0 0
  168 167.5 0 0
  169 168.5 0 0
  170 169.5 0 0
  171 170.5 0 0
  172 171.5 0 0
  173 172.5 0 0
  174 173.5 0 0
  175 174.5 0 0
  176 175.5 0 0
  177 176.5 0 0
  178 177.5 0 0
  179 178.5 0 0
  180 179.5 0 0
  181 180.5 0 0
  182 181.5 0 0
  183 182.5 0 0
  184 183.5 0 0
  185 184.5 0 0
  186 185.5 0 0
  187 186.5 0 0
  188 187.5 0 0
  189 188.5 0 0
  190 189.5 0 0
  191 190.5 0 0
  192 191.5 0 0
  193 192.5 0 0
  194 193.5 0 0
  195 194.5 0 0
  196 195.5 0 0
  197 196.5 0 0
  198 197.5 0 0
  199 198.5 0 0
  200 199.5 0 0
  201 200.5 0 0
  202 201.5 0 0
  203 202.5 0 0
  204 203.5 0 0
  205 204.5 0 0
  206 205.5 0 0
  207 206.5 0 0
  208 207.5 0 0
  209 208.5 0 0
  210 209.5 0 0
  211 210.5 0 0
  212 211.5 0 0
  213 212.5 0 0
  214 213.5 0 0
  215 214.5 0 0
  216 215.5 0 0
  217 216.5 0 0
  218 217.5 0 0
  219 218.5 0 0
  220 219.5 0 0
  221 220.5 0 0
  222 221.5 0 0
  223 222.5 0 0
  224 223.5 0 0
  225 224.5 0 0
  226 225.5 0 0
  227 226.5 0 0
  228 227.5 0 0
  229 228.5 0 0
  230 229.5 0 0
  231 230.5 0 0
  232 231.5 0 0
  233 232.5 0 0
  234 233.5 0 0
  235 234.5 0 0
  236 235.5 0 0
  237 236.5 0 0
  238 237.5 0 0
  239 238.5 0 0
  240 239.5 0 0
  241 240.5 0 0
  242 241.5 0 0
  243 242.5 0 0
  244 243.5 0 0
  245 244.5 0 0
  246 245.5 0 0
  247 246.5 0 0
  248 247.5 0.7 0.000243601
  249 248.5 11.2 0.0204614
  250 249.5 43.5 0.094851
8000 250 13258.000000000002
  1 0.5 128.5 0.263152
  2 1.5 260.8 0.536427
  3 2.5 335.4 0.702662
  4 3.5 384.5 0.81965
  5 4.5 392.1 0.840834
  6 5.5 361.7 0.758482
  7 6.5 360.3 0.78366
  8 7.5 363.5 0.755403
  9 8.5 393.9 0.877861
  10 9.5 380.6 0.771277
  11 10.5 368.1 0.881082
  12 11.5 378.6 0.829449
  13 12.5 378.9 0.837734
  14 13.5 366.7 0.871079
  15 14.5 365.3 0.834017
  16 15.5 380.3 0.953574
  17 16.5 349.3 0.858574
  18 17.5 373.7 0.902116
  19 18.5 358.5 0.905253
  20 19.5 376.7 0.858792
  21 20.5 377.6 0.867783
  22 21.5 376.2 0.87433
  23 22.5 349.8 0.768725
  24 23.5 385.7 0.833512
  25 24.5 365.8 0.799623
  26 25.5 395.2 0.885769
  27 26.5 375.2 0.823899
  28 27.5 390.5 0.918186
  29 28.5 371.2 0.800053
  30 29.5 381.2 0.806637
  31 30.5 386.8 0.823141
  32 31.5 367.2 0.759279
  33 32.5 385.8 0.814925
  34 33.5 352.9 0.704093
  35 34.5 316.2 0.654571
  36 35.5 256.6 0.517884
  37 36.5 217.7 0.505899
  38 37.5 65.9 0.112481
  39 38.5 22.5 0.0456161
  40 39.5 6.5 0.00743818
  41 40.5 1 0.000348001
  42 41.5 0 0
  43 42.5 0 0
  44 43.5 0 0
  45 44.5 0 0
  46 45.5 0 0
  47 46.5 0 0
  48 47.5 0 0
  49 48.5 0 0
  50 49.5 0 0
  51 50.5 0 0
  52 51.5 0 0
  53 52.5 0 0
  54 53.5 0 0
  55 54.5 0 0
  56 55.5 0 0
  57 56.5 0 0
  58 57.5 0 0
  59 58.5 0 0
  60 59.5 0 0
  61 60.5 0 0
  62 61.5 0 0
  63 62.5 0 0
  64 63.5 0 0
  65 64.5 0 0
  66 65.5 0 0
  67 66.5 0 0
  68 67.5 0 0
  69 68.5 0 0
  70 69.5 0 0
  71 70.5 0 0
  72 71.5 0 0
  73 72.5 0 0
  74 73.5 0 0
  75 74.5 0 0
  76 75.5 0 0
  77 76.5 0 0
  78 77.5 0 0
  79 78.5 0 0
  80 79.5 0 0
  81 80.5 0 0
  82 81.5 0 0
  83 82.5 0 0
  84 83.5 0 0
  85 84.5 0 0
  86 85.5 0 0
  87 86.5 0 0
  88 87.5 0 0
  89 88.5 0 0
  90 89.5 0 0
  91 90.5 0 0
  92 91.5 0 0
  93 92.5 0 0
  94 93.5 0 0
  95 94.5 0 0
  96 95.5 0 0
  97 96.5 0 0
  98 97.5 0 0
  99 98.5 0 0
  100 99.5 0 0
  101 100.5 0 0
  102 101.5 0 0
  103 102.5 0 0
  104 103.5 0 0
  105 104.5 0 0
  106 105.5 0 0
  107 106.5 0 0
  108 107.5 0 0
  109 108.5 0 0
  110 109.5 0 0
  111 110.5 0 0
  112 111.5 0 0
  113 112.5 0 0
  114 113.5 0 0
  115 114.5 0 0
  116 115.5 0 0
  117 116.5 0 0
  118 117.5 0 0
  119 118.5 0 0
  120 119.5 0 0
  121 120.5 0 0
  122 121.5 0 0
  123 122.5 0 0
  124 123.5 0 0
  125 124.5 0 0
  126 125.5 0 0
  127 126.5 0 0
  128 127.5 0 0
  129 128.5 0 0
  130 129.5 0 0
  131 130.5 0 0
  132 131.5 0 0
  133 132.5 0 0
  134 133.5 0 0
  135 134.5 0 0
  136 135.5 0 0
  137 136.5 0 0
  138 137.5 0 0
  139 138.5 0 0
  140 139.5 0 0
  141 140.5 0 0
  142 141.5 0 0
  143 142.5 0 0
  144 143.5 0 0
  145 144.5 0 0
  146 145.5 0 0
  147 146.5 0 0
  148 147.5 0 0
  149 148.5 0 0
  150 149.5 0 0
  151 150.5 0 0
  152 151.5 0 0
  153 152.5 0 0
  154 153.5 0 0
  155 154.5 0 0
  156 155.5 0 0
  157 156.5 0 0
  158 157.5 0 0
  159 158.5 0 0
  160 159.5 0 0
  161 160.5 0 0
  162 161.5 0 0
  163 162.5 0 0
  164 163.5 0 0
  165 164.5 0 0
  166 165.5 0 0
  167 166.5 0 0
  168 167.5 0 0
  169 168.5 0 0
  170 169.5 0 0
  171 170.5 0 0
  172 171.5 0 0
  173 172.5 0 0
  174 173.5 0 0
  175 174.5 0 0
  176 175.5 0 0
  177 176.5 0 0
  178 177.5 0 0
  179 178.5 0 0
  180 179.5 0 0
  181 180.5 0 0
  182 181.5 0 0
  183 182.5 0 0
  184 183.5 0 0
  185 184.5 0 0
  186 185.5 0 0
  187 186.5 0 0
  188 187.5 0 0
  189 188.5 0 0
  190 189.5 0 0
  191 190.5 0 0
  192 191.5 0 0
  193 192.5 0 0
  194 193.5 0 0
  195 194.5 0 0
  196 195.5 0 0
  197 196.5 0 0
  198 197.5 0 0
  199 198.5 0 0
  200 199.5 0 0
  201 200.5 0 0
  202 201.5 0 0
  203 202.5 0 0
  204 203.5 0 0
  205 204.5 0 0
  206 205.5 0 0
  207 206.5 0 0
  208 207.5 0 0
  209 208.5 0 0
  210 209.5 0 0
  211 210.5 0 0
  212 211.5 0 0
  213 212.5 0 0
  214 213.5 0 0
  215 214.5 0 0
  216 215.5 0 0
  217 216.5 0 0
  218 217.5 0 0
  219 218.5 0 0
  220 219.5 0 0
  221 220.5 0 0
  222 221.5 0 0
  223 222.5 0 0
  224 223.5 0 0
  225 224.5 0 0
  226 225.5 0 0
  227 226.5 0 0
  228 227.5 0 0
  229 228.5 0 0
  230 229.5 0 0
  231 230.5 0 0
  232 231.5 0 0
  233 232.5 0 0
  234 233.5 0 0
  235 234.5 0 0
  236 235.5 0 0
  237 236.5 0 0
  238 237.5 0 0
  239 238.5 0 0
  240 239.5 0 0
  241 240.5 0 0
  242 241.5 0 0
  243 242.5 0 0
  244 243.5 0 0
  245 244.5 0 0
  246 245.5 0 0
  247 246.5 0 0
  248 247.5 2 0.000696002
  249 248.5 7.8 0.014102
  250 249.5 43.3 0.0901229
8500 250 13257.999999999995
  1 0.5 148.8 0.31732
  2 1.5 237 0.506922
  3 2.5 354.1 0.732877
  4 3.5 391.3 0.81598
  5 4.5 380.4 0.829175
  6 5.5 343.8 0.725057
  7 6.5 395.6 0.848772
  8 7.5 343.7 0.704309
  9 8.5 412.1 0.903656
  10 9.5 361.1 0.779777
  11 10.5 352.1 0.80506
  12 11.5 372.5 0.832638
  13 12.5 388.2 0.864117
  14 13.5 362 0.815425
  15 14.5 355.2 0.862052
  16 15.5 368.8 0.873975
  17 16.5 357.8 0.946118
  18 17.5 366.9 0.880145
  19 18.5 354.2 0.872527
  20 19.5 406.6 0.949134
  21 20.5 343.7 0.794021
  22 21.5 353.7 0.801452
  23 22.5 375 0.823771
  24 23.5 373.1 0.807357
  25 24.5 386.8 0.837812
  26 25.5 391.2 0.875336
  27 26.5 369.4 0.826925
  28 27.5 411.9 0.905613
  29 28.5 382.6 0.86955
  30 29.5 383.5 0.804228
  31 30.5 364.3 0.753508
  32 31.5 394.9 0.870889
  33 32.5 376.8 0.725869
  34 33.5 335.3 0.710391
  35 34.5 313.4 0.66809
  36 35.5 254.6 0.522882
  37 36.5 210.5 0.440245
  38 37.5 72 0.144108
  39 38.5 27.6 0.0644722
  40 39.5 6.3 0.00529811
  41 40.5 1.3 0.00304049
  42 41.5 0.2 6.96002e-05
  43 42.5 0 0
  44 43.5 0 0
  45 44.5 0 0
  46 45.5 0 0
  47 46.5 0 0
  48 47.5 0 0
  49 48.5 0 0
  50 49.5 0 0
  51 50.5 0 0
  52 51.5 0 0
  53 52.5 0 0
  54 53.5 0 0
  55 54.5 0 0
  56 55.5 0 0
  57 56.5 0 0
  58 57.5 0 0
  59 58.5 0 0
  60 59.5 0 0
  61 60.5 0 0
  62 61.5 0 0
  63 62.5 0 0
  64 63.5 0 0
  65 64.5 0 0
  66 65.5 0 0
  67 66.5 0 0
  68 67.5 0 0
  69 68.5 0 0
  70 69.5 0 0
  71 70.5 0 0
  72 71.5 0 0
  73 72.5 0 0
  74 73.5 0 0
  75 74.5 0 0
  76 75.5 0 0
  77 76.5 0 0
  78 77.5 0 0
  79 78.5 0 0
  80 79.5 0 0
  81 80.5 0 0
  82 81.5 0 0
  83 82.5 0 0
  84 83.5 0 0
  85 84.5 0 0
  86 85.5 0 0
  87 86.5 0 0
  88 87.5 0 0
  89 88.5 0 0
  90 89.5 0 0
  91 90.5 0 0
  92 91.5 0 0
  93 92.5 0 0
  94 93.5 0 0
  95 94.5 0 0
  96 95.5 0 0
  97 96.5 0 0
  98 97.5 0 0
  99 98.5 0 0
  100 99.5 0 0
  101 100.5 0 0
  102 101.5 0 0
  103 102.5 0 0
  104 103.5 0 0
  105 104.5 0 0
  106 105.5 0 0
  107 106.5 0 0
  108 107.5 0 0
  109 108.5 0 0
  110 109.5 0 0
  111 110.5 0 0
  112 111.5 0 0
  113 112.5 0 0
  114 113.5 0 0
  115 114.5 0 0
  116 115.5 0 0
  117 116.5 0 0
  118 117.5 0 0
  119 118.5 0 0
  120 119.5 0 0
  121 120.5 0 0
  122 121.5 0 0
  123 122.5 0 0
  124 123.5 0 0
  125 124.5 0 0
  126 125.5 0 0
  127 126.5 0 0
  128 127.5 0 0
  129 128.5 0 0
  130 129.5 0 0
  131 130.5 0 0
  132 131.5 0 0
  133 132.5 0 0
  134 133.5 0 0
  135 134.5 0 0
  136 135.5 0 0
  137 136.5 0 0
  138 137.5 0 0
  139 138.5 0 0
  140 139.5 0 0
  141 140.5 0 0
  142 141.5 0 0
  143 142.5 0 0
  144 143.5 0 0
  145 144.5 0 0
  146 145.5 0 0
  147 146.5 0 0
  148 147.5 0 0
  149 148.5 0 0
  150 149.5 0 0
  151 150.5 0 0
  152 151.5 0 0
  153 152.5 0 0
  154 153.5 0 0
  155 154.5 0 0
  156 155.5 0 0
  157 156.5 0 0
  158 157.5 0 0
  159 158.5 0 0
  160 159.5 0 0
  161 160.5 0 0
  162 161.5 0 0
  163 162.5 0 0
  164 163.5 0 0
  165 164.5 0 0
  166 165.5 0 0
  167 166.5 0 0
  168 167.5 0 0
  169 168.5 0 0
  170 169.5 0 0
  171 170.5 0 0
  172 171.5 0 0
  173 172.5 0 0
  174 173.5 0 0
  175 174.5 0 0
  176 175.5 0 0
  177 176.5 0 0
  178 177.5 0 0
  179 178.5 0 0
  180 179.5 0 0
  181 180.5 0 0
  182 181.5 0 0
  183 182.5 0 0
  184 183.5 0 0
  185 184.5 0 0
  186 185.5 0 0
  187 186.5 0 0
  188 187.5 0 0
  189 188.5 0 0
  190 189.5 0 0
  191 190.5 0 0
  192 191.5 0 0
  193 192.5 0 0
  194 193.5 0 0
  195 194.5 0 0
  196 195.5 0 0
  197 196.5 0 0
  198 197.5 0 0
  199 198.5 0 0
  200 199.5 0 0
  201 200.5 0 0
  202 201.5 0 0
  203 202.5 0 0
  204 203.5 0 0
  205 204.5 0 0
  206 205.5 0 0
  207 206.5 0 0
  208 207.5 0 0
  209 208.5 0 0
  210 209.5 0 0
  211 210.5 0 0
  212 211.5 0 0
  213 212.5 0 0
  214 213.5 0 0
  215 214.5 0 0
  216 215.5 0 0
  217 216.5 0 0
  218 217.5 0 0
  219 218.5 0 0
  220 219.5 0 0
  221 220.5 0 0
  222 221.5 0 0
  223 222.5 0 0
  224 223.5 0 0
  225 224.5 0 0
  226 225.5 0 0
  227 226.5 0 0
  228 227.5 0 0
  229 228.5 0 0
  230 229.5 0 0
  231 230.5 0 0
  232 231.5 0 0
  233 232.5 0 0
  234 233.5 0 0
  235 234.5 0 0
  236 235.5 0 0
  237 236.5 0 0
  238 237.5 0 0
  239 238.5 0 0
  240 239.5 0 0
  241 240.5 0 0
  242 241.5 0 0
  243 242.5 0 0
  244 243.5 0 0
  245 244.5 0 0
  246 245.5 0 0
  247 246.5 0 0
  248 247.5 0.4 0.0001392
  249 248.5 11.8 0.0134235
  250 249.5 65.5 0.13667
9000 250 13258
  1 0.5 167.7 0.346672
  2 1.5 223.7 0.47486
  3 2.5 340 0.695464
  4 3.5 394.4 0.868412
  5 4.5 357.1 0.75595
  6 5.5 354.8 0.765113
  7 6.5 398 0.828074
  8 7.5 351.7 0.728211
  9 8.5 377.5 0.813075
  10 9.5 383.8 0.82605
  11 10.5 366.2 0.851716
  12 11.5 363 0.79866
  13 12.5 369.8 0.831594
  14 13.5 360.6 0.790298
  15 14.5 378.7 0.925438
  16 15.5 361.3 0.870434
  17 16.5 359.6 0.959746
  18 17.5 357.6 0.854863
  19 18.5 349.4 0.831527
  20 19.5 397.4 0.964866
  21 20.5 364 0.834115
  22 21.5 377.3 0.886589
  23 22.5 364.7 0.759289
  24 23.5 390.2 0.853528
  25 24.5 383.3 0.826656
  26 25.5 379.9 0.849634
  27 26.5 378.4 0.860833
  28 27.5 397.2 0.897215
  29 28.5 402.2 0.854289
  30 29.5 366.3 0.813047
  31 30.5 377.3 0.743125
  32 31.5 369.7 0.790688
  33 32.5 388.6 0.825217
  34 33.5 346.1 0.69241
  35 34.5 285.5 0.585914
  36 35.5 280.5 0.588833
  37 36.5 184 0.406177
  38 37.5 81.4 0.158767
  39 38.5 24.2 0.0472429
  40 39.5 4.6 0.00677697
  41 40.5 0.4 0.0001392
  42 41.5 0 0
  43 42.5 0 0
  44 43.5 0 0
  45 44.5 0 0
  46 45.5 0 0
  47 46.5 0 0
  48 47.5 0 0
  49 48.5 0 0
  50 49.5 0 0
  51 50.5 0 0
  52 51.5 0 0
  53 52.5 0 0
  54 53.5 0 0
  55 54.5 0 0
  56 55.5 0 0
  57 56.5 0 0
  58 57.5 0 0
  59 58.5 0 0
  60 59.5 0 0
  61 60.5 0 0
  62 61.5 0 0
  63 62.5 0 0
  64 63.5 0 0
  65 64.5 0 0
  66 65.5 0 0
  67 66.5 0 0
  68 67.5 0 0
  69 68.5 0 0
  70 69.5 0 0
  71 70.5 0 0
  72 71.5 0 0
  73 72.5 0 0
  74 73.5 0 0
  75 74.5 0 0
  76 75.5 0 0
  77 76.5 0 0
  78 77.5 0 0
  79 78.5 0 0
  80 79.5 0 0
  81 80.5 0 0
  82 81.5 0 0
  83 82.5 0 0
  84 83.5 0 0
  85 84.5 0 0
  86 85.5 0 0
  87 86.5 0 0
  88 87.5 0 0
  89 88.5 0 0
  90 89.5 0 0
  91 90.5 0 0
  92 91.5 0 0
  93 92.5 0 0
  94 93.5 0 0
  95 94.5 0 0
  96 95.5 0 0
  97 96.5 0 0
  98 97.5 0 0
  99 98.5 0 0
  100 99.5 0 0
  101 100.5 0 0
  102 101.5 0 0
  103 102.5 0 0
  104 103.5 0 0
  105 104.5 0 0
  106 105.5 0 0
  107 106.5 0 0
  108 107.5 0 0
  109 108.5 0 0
  110 109.5 0 0
  111 110.5 0 0
  112 111.5 0 0
  113 112.5 0 0
  114 113.5 0 0
  115 114.5 0 0
  116 115.5 0 0
  117 116.5 0 0
  118 117.5 0 0
  119 118.5 0 0
  120 119.5 0 0
  121 120.5 0 0
  122 121.5 0 0
  123 122.5 0 0
  124 123.5 0 0
  125 124.5 0 0
  126 125.5 0 0
  127 126.5 0 0
  128 127.5 0 0
  129 128.5 0 0
  130 129.5 0 0
  131 130.5 0 0
  132 131.5 0 0
  133 132.5 0 0
  134 133.5 0 0
  135 134.5 0 0
  136 135.5 0 0
  137 136.5 0 0
  138 137.5 0 0
  139 138.5 0 0
  140 139.5 0 0
  141 140.5 0 0
  142 141.5 0 0
  143 142.5 0 0
  144 143.5 0 0
  145 144.5 0 0
  146 145.5 0 0
  147 146.5 0 0
  148 147.5 0 0
  149 148.5 0 0
  150 149.5 0 0
  151 150.5 0 0
  152 151.5 0 0
  153 152.5 0 0
  154 153.5 0 0
  155 154.5 0 0
  156 155.5 0 0
  157 156.5 0 0
  158 157.5 0 0
  159 158.5 0 0
  160 159.5 0 0
  161 160.5 0 0
  162 161.5 0 0
  163 162.5 0 0
  164 163.5 0 0
  165 164.5 0 0
  166 165.5 0 0
  167 166.5 0 0
  168 167.5 0 0
  169 168.5 0 0
  170 169.5 0 0
  171 170.5 0 0
  172 171.5 0 0
  173 172.5 0 0
  174 173.5 0 0
  175 174.5 0 0
  176 175.5 0 0
  177 176.5 0 0
  178 177.5 0 0
  179 178.5 0 0
  180 179.5 0 0
  181 180.5 0 0
  182 181.5 0 0
  183 182.5 0 0
  184 183.5 0 0
  185 184.5 0 0
  186 185.5 0 0
  187 186.5 0 0
  188 187.5 0 0
  189 188.5 0 0
  190 189.5 0 0
  191 190.5 0 0
  192 191.5 0 0
  193 192.5 0 0
  194 193.5 0 0
  195 194.5 0 0
  196 195.5 0 0
  197 196.5 0 0
  198 197.5 0 0
  199 198.5 0 0
  200 199.5 0 0
  201 200.5 0 0
  202 201.5 0 0
  203 202.5 0 0
  204 203.5 0 0
  205 204.5 0 0
  206 205.5 0 0
  207 206.5 0 0
  208 207.5 0 0
  209 208.5 0 0
  210 209.5 0 0
  211 210.5 0 0
  212 211.5 0 0
  213 212.5 0 0
  214 213.5 0 0
  215 214.5 0 0
  216 215.5 0 0
  217 216.5 0 0
  218 217.5 0 0
  219 218.5 0 0
  220 219.5 0 0
  221 220.5 0 0
  222 221.5 0 0
  223 222.5 0 0
  224 223.5 0 0
  225 224.5 0 0
  226 225.5 0 0
  227 226.5 0 0
  228 227.5 0 0
  229 228.5 0 0
  230 229.5 0 0
  231 230.5 0 0
  232 231.5 0 0
  233 232.5 0 0
  234 233.5 0 0
  235 234.5 0 0
  236 235.5 0 0
  237 236.5 0 0
  238 237.5 0 0
  239 238.5 0 0
  240 239.5 0 0
  241 240.5 0 0
  242 241.5 0 0
  243 242.5 0 0
  244 243.5 0 0
  245 244.5 0 0
  246 245.5 0 0
  247 246.5 1 0.000348001
  248 247.5 2.8 0.00977389
  249 248.5 19 0.0205877
  250 249.5 77.1 0.177975
9500 250 13258
  1 0.5 155.3 0.32217
  2 1.5 242 0.527711
  3 2.5 347.3 0.729859
  4 3.5 383.5 0.833597
  5 4.5 354.1 0.733197
  6 5.5 363.9 0.79247
  7 6.5 394.8 0.787
  8 7.5 354.4 0.777807
  9 8.5 373.7 0.750674
  10 9.5 400.8 0.914339
  11 10.5 338 0.747925
  12 11.5 369.4 0.828393
  13 12.5 365.1 0.830928
  14 13.5 374 0.852564
  15 14.5 361 0.877293
  16 15.5 369.6 0.911957
  17 16.5 359.9 0.887178
  18 17.5 351.7 0.865135
  19 18.5 370.3 0.922779
  20 19.5 387.6 0.881092
  21 20.5 364.7 0.851337
  22 21.5 345.8 0.770136
  23 22.5 398.3 0.903037
  24 23.5 393.5 0.831425
  25 24.5 369.6 0.824994
  26 25.5 393.9 0.848913
  27 26.5 383.3 0.82443
  28 27.5 400.3 0.913142
  29 28.5 395.4 0.893954
  30 29.5 361.6 0.756306
  31 30.5 378.3 0.813869
  32 31.5 390.6 0.794338
  33 32.5 373.7 0.800879
  34 33.5 321.6 0.65645
  35 34.5 316.5 0.66658
  36 35.5 239.7 0.47784
  37 36.5 190.9 0.422036
  38 37.5 85.2 0.169924
  39 38.5 25 0.0516622
  40 39.5 5.4 0.00291444
  41 40.5 0 0
  42 41.5 0 0
  43 42.5 0 0
  44 43.5 0 0
  45 44.5 0 0
  46 45.5 0 0
  47 46.5 0 0
  48 47.5 0 0
  49 48.5 0 0
  50 49.5 0 0
  51 50.5 0 0
  52 51.5 0 0
  53 52.5 0 0
  54 53.5 0 0
  55 54.5 0 0
  56 55.5 0 0
  57 56.5 0 0
  58 57.5 0 0
  59 58.5 0 0
  60 59.5 0 0
  61 60.5 0 0
  62 61.5 0 0
  63 62.5 0 0
  64 63.5 0 0
  65 64.5 0 0
  66 65.5 0 0
  67 66.5 0 0
  68 67.5 0 0
  69 68.5 0 0
  70 69.5 0 0
  71 70.5 0 0
  72 71.5 0 0
  73 72.5 0 0
  74 73.5 0 0
  75 74.5 0 0
  76 75.5 0 0
  77 76.5 0 0
  78 77.5 0 0
  79 78.5 0 0
  80 79.5 0 0
  81 80.5 0 0
  82 81.5 0 0
  83 82.5 0 0
  84 83.5 0 0
  85 84.5 0 0
  86 85.5 0 0
  87 86.5 0 0
  88 87.5 0 0
  89 88.5 0 0
  90 89.5 0 0
  91 90.5 0 0
  92 91.5 0 0
  93 92.5 0 0
  94 93.5 0 0
  95 94.5 0 0
  96 95.5 0 0
  97 96.5 0 0
  98 97.5 0 0
  99 98.5 0 0
  100 99.5 0 0
  101 100.5 0 0
  102 101.5 0 0
  103 102.5 0 0
  104 103.5 0 0
  105 104.5 0 0
  106 105.5 0 0
  107 106.5 0 0
  108 107.5 0 0
  109 108.5 0 0
  110 109.5 0 0
  111 110.5 0 0
  112 111.5 0 0
  113 112.5 0 0
  114 113.5 0 0
  115 114.5 0 0
  116 115.5 0 0
  117 116.5 0 0
  118 117.5 0 0
  119 118.5 0 0
  120 119.5 0 0
  121 120.5 0 0
  122 121.5 0 0
  123 122.5 0 0
  124 123.5 0 0
  125 124.5 0 0
  126 125.5 0 0
  127 126.5 0 0
  128 127.5 0 0
  129 128.5 0 0
  130 129.5 0 0
  131 130.5 0 0
  132 131.5 0 0
  133 132.5 0 0
  134 133.5 0 0
  135 134.5 0 0
  136 135.5 0 0
  137 136.5 0 0
  138 137.5 0 0
  139 138.5 0 0
  140 139.5 0 0
  141 140.5 0 0
  142 141.5 0 0
  143 142.5 0 0
  144 143.5 0 0
  145 144.5 0 0
  146 145.5 0 0
  147 146.5 0 0
  148 147.5 0 0
  149 148.5 0 0
  150 149.5 0 0
  151 150.5 0 0
  152 151.5 0 0
  153 152.5 0 0
  154 153.5 0 0
  155 154.5 0 0
  156 155.5 0 0
  157 156.5 0 0
  158 157.5 0 0
  159 158.5 0 0
  160 159.5 0 0
  161 160.5 0 0
  162 161.5 0 0
  163 162.5 0 0
  164 163.5 0 0
  165 164.5 0 0
  166 165.5 0 0
  167 166.5 0 0
  168 167.5 0 0
  169 168.5 0 0
  170 169.5 0 0
  171 170.5 0 0
  172 171.5 0 0
  173 172.5 0 0
  174 173.5 0 0
  175 174.5 0 0
  176 175.5 0 0
  177 176.5 0 0
  178 177.5 0 0
  179 178.5 0 0
  180 179.5 0 0
  181 180.5 0 0
  182 181.5 0 0
  183 182.5 0 0
  184 183.5 0 0
  185 184.5 0 0
  186 185.5 0 0
  187 186.5 0 0
  188 187.5 0 0
  189 188.5 0 0
  190 189.5 0 0
  191 190.5 0 0
  192 191.5 0 0
  193 192.5 0 0
  194 193.5 0 0
  195 194.5 0 0
  196 195.5 0 0
  197 196.5 0 0
  198 197.5 0 0
  199 198.5 0 0
  200 199.5 0 0
  201 200.5 0 0
  202 201.5 0 0
  203 202.5 0 0
  204 203.5 0 0
  205 204.5 0 0
  206 205.5 0 0
  207 206.5 0 0
  208 207.5 0 0
  209 208.5 0 0
  210 209.5 0 0
  211 210.5 0 0
  212 211.5 0 0
  213 212.5 0 0
  214 213.5 0 0
  215 214.5 0 0
  216 215.5 0 0
  217 216.5 0 0
  218 217.5 0 0
  219 218.5 0 0
  220 219.5 0 0
  221 220.5 0 0
  222 221.5 0 0
  223 222.5 0 0
  224 223.5 0 0
  225 224.5 0 0
  226 225.5 0 0
  227 226.5 0 0
  228 227.5 0 0
  229 228.5 0 0
  230 229.5 0 0
  231 230.5 0 0
  232 231.5 0 0
  233 232.5 0 0
  234 233.5 0 0
  235 234.5 0 0
  236 235.5 0 0
  237 236.5 0 0
  238 237.5 0 0
  239 238.5 0 0
  240 239.5 0 0
  241 240.5 0 0
  242 241.5 0 0
  243 242.5 0 0
  244 243.5 0 0
  245 244.5 0 0
  246 245.5 0 0
  247 246.5 0 0
  248 247.5 3.4 0.00325367
  249 248.5 18.9 0.0314228
  250 249.5 86 0.187284
10000 250 13258.000000000004
  1 0.5 144.3 0.276415
  2 1.5 259.8 0.57107
  3 2.5 355.8 0.739131
  4 3.5 372 0.830248
  5 4.5 367 0.746972
  6 5.5 381.8 0.836381
  7 6.5 365.8 0.778461
  8 7.5 350.8 0.698705
  9 8.5 400.9 0.85428
  10 9.5 373 0.810593
  11 10.5 347.8 0.788433
  12 11.5 367.6 0.807194
  13 12.5 367.1 0.823067
  14 13.5 381.8 0.899832
  15 14.5 349.7 0.853365
  16 15.5 378.9 0.914799
  17 16.5 364.1 0.928675
  18 17.5 330.6 0.808393
  19 18.5 369.6 0.928521
  20 19.5 393.5 0.91503
  21 20.5 359.5 0.806937
  22 21.5 359.4 0.800677
  23 22.5 395.3 0.88305
  24 23.5 385.7 0.829122
  25 24.5 365.9 0.790857
  26 25.5 393.4 0.868371
  27 26.5 363.3 0.781302
  28 27.5 397 0.926875
  29 28.5 394.4 0.880014
  30 29.5 347.7 0.741767
  31 30.5 386.1 0.814512
  32 31.5 392.3 0.819257
  33 32.5 387 0.801885
  34 33.5 329.7 0.672209
  35 34.5 294.6 0.591151
  36 35.5 274.2 0.621321
  37 36.5 169.6 0.342675
  38 37.5 89.8 0.184465
  39 38.5 23.4 0.0335065
  40 39.5 4.2 0.0118139
  41 40.5 2.7 0.00249245
  42 41.5 0 0
  43 42.5 0 0
  44 43.5 0 0
  45 44.5 0 0
  46 45.5 0 0
  47 46.5 0 0
  48 47.5 0 0
  49 48.5 0 0
  50 49.5 0 0
  51 50.5 0 0
  52 51.5 0 0
  53 52.5 0 0
  54 53.5 0 0
  55 54.5 0 0
  56 55.5 0 0
  57 56.5 0 0
  58 57.5 0 0
  59 58.5 0 0
  60 59.5 0 0
  61 60.5 0 0
  62 61.5 0 0
  63 62.5 0 0
  64 63.5 0 0
  65 64.5 0 0
  66 65.5 0 0
  67 66.5 0 0
  68 67.5 0 0
  69 68.5 0 0
  70 69.5 0 0
  71 70.5 0 0
  72 71.5 0 0
  73 72.5 0 0
  74 73.5 0 0
  75 74.5 0 0
  76 75.5 0 0
  77 76.5 0 0
  78 77.5 0 0
  79 78.5 0 0
  80 79.5 0 0
  81 80.5 0 0
  82 81.5 0 0
  83 82.5 0 0
  84 83.5 0 0
  85 84.5 0 0
  86 85.5 0 0
  87 86.5 0 0
  88 87.5 0 0
  89 88.5 0 0
  90 89.5 0 0
  91 90.5 0 0
  92 91.5 0 0
  93 92.5 0 0
  94 93.5 0 0
  95 94.5 0 0
  96 95.5 0 0
  97 96.5 0 0
  98 97.5 0 0
  99 98.5 0 0
  100 99.5 0 0
  101 100.5 0 0
  102 101.5 0 0
  103 102.5 0 0
  104 103.5 0 0
  105 104.5 0 0
  106 105.5 0 0
  107 106.5 0 0
  108 107.5 0 0
  109 108.5 0 0
  110 109.5 0 0
  111 110.5 0 0
  112 111.5 0 0
  113 112.5 0 0
  114 113.5 0 0
  115 114.5 0 0
  116 115.5 0 0
  117 116.5 0 0
  118 117.5 0 0
  119 118.5 0 0
  120 119.5 0 0
  121 120.5 0 0
  122 121.5 0 0
  123 122.5 0 0
  124 123.5 0 0
  125 124.5 0 0
  126 125.5 0 0
  127 126.5 0 0
  128 127.5 0 0
  129 128.5 0 0
  130 129.5 0 0
  131 130.5 0 0
  132 131.5 0 0
  133 132.5 0 0
  134 133.5 0 0
  135 134.5 0 0
  136 135.5 0 0
  137 136.5 0 0
  138 137.5 0 0
  139 138.5 0 0
  140 139.5 0 0
  141 140.5 0 0
  142 141.5 0 0
  143 142.5 0 0
  144 143.5 0 0
  145 144.5 0 0
  146 145.5 0 0
  147 146.5 0 0
  148 147.5 0 0
  149 148.5 0 0
  150 149.5 0 0
  151 150.5 0 0
  152 151.5 0 0
  153 152.5 0 0
  154 153.5 0 0
  155 154.5 0 0
  156 155.5 0 0
  157 156.5 0 0
  158 157.5 0 0
  159 158.5 0 0
  160 159.5 0 0
  161 160.5 0 0
  162 161.5 0 0
  163 162.5 0 0
  164 163.5 0 0
  165 164.5 0 0
  166 165.5 0 0
  167 166.5 0 0
  168 167.5 0 0
  169 168.5 0 0
  170 169.5 0 0
  171 170.5 0 0
  172 171.5 0 0
  173 172.5 0 0
  174 173.5 0 0
  175 174.5 0 0
  176 175.5 0 0
  177 176.5 0 0
  178 177.5 0 0
  179 178.5 0 0
  180 179.5 0 0
  181 180.5 0 0
  182 181.5 0 0
  183 182.5 0 0
  184 183.5 0 0
  185 184.5 0 0
  186 185.5 0 0
  187 186.5 0 0
  188 187.5 0 0
  189 188.5 0 0
  190 189.5 0 0
  191 190.5 0 0
  192 191.5 0 0
  193 192.5 0 0
  194 193.5 0 0
  195 194.5 0 0
  196 195.5 0 0
  197 196.5 0 0
  198 197.5 0 0
  199 198.5 0 0
  200 199.5 0 0
  201 200.5 0 0
  202 201.5 0 0
  203 202.5 0 0
  204 203.5 0 0
  205 204.5 0 0
  206 205.5 0 0
  207 206.5 0 0
  208 207.5 0 0
  209 208.5 0 0
  210 209.5 0 0
  211 210.5 0 0
  212 211.5 0 0
  213 212.5 0 0
  214 213.5 0 0
  215 214.5 0 0
  216 215.5 0 0
  217 216.5 0 0
  218 217.5 0 0
  219 218.5 0 0
  220 219.5 0 0
  221 220.5 0 0
  222 221.5 0 0
  223 222.5 0 0
  224 223.5 0 0
  225 224.5 0 0
  226 225.5 0 0
  227 226.5 0 0
  228 227.5 0 0
  229 228.5 0 0
  230 229.5 0 0
  231 230.5 0 0
  232 231.5 0 0
  233 232.5 0 0
  234 233.5 0 0
  235 234.5 0 0
  236 235.5 0 0
  237 236.5 0 0
  238 237.5 0 0
  239 238.5 0 0
  240 239.5 0 0
  241 240.5 0 0
  242 241.5 0 0
  243 242.5 0 0
  244 243.5 0 0
  245 244.5 0 0
  246 245.5 0 0
  247 246.5 2.2 0.00594177
  248 247.5 7.5 0.0150328
  249 248.5 36 0.0606664
  250 249.5 75.2 0.174726
10500 250 13258
  1 0.5 162.2 0.310596
  2 1.5 287.4 0.633368
  3 2.5 348.2 0.726345
  4 3.5 366.4 0.794481
  5 4.5 360.1 0.759854
  6 5.5 391.1 0.842516
  7 6.5 357.4 0.724294
  8 7.5 353.8 0.778944
  9 8.5 369.4 0.732756
  10 9.5 377.2 0.860257
  11 10.5 353.5 0.789834
  12 11.5 346.7 0.757752
  13 12.5 375.7 0.863814
  14 13.5 366.6 0.848642
  15 14.5 351.9 0.878536
  16 15.5 362.9 0.879898
  17 16.5 384.1 1.00649
  18 17.5 332.2 0.797155
  19 18.5 341.1 0.855079
  20 19.5 400.1 0.940891
  21 20.5 375 0.872155
  22 21.5 358.3 0.761886
  23 22.5 386.6 0.854211
  24 23.5 397.7 0.844647
  25 24.5 365.1 0.762555
  26 25.5 373.6 0.850476
  27 26.5 388.8 0.868215
  28 27.5 405 0.938724
  29 28.5 390.8 0.858428
  30 29.5 343.9 0.696551
  31 30.5 385.9 0.818687
  32 31.5 377.6 0.802754
  33 32.5 365.7 0.746334
  34 33.5 325 0.685067
  35 34.5 297.8 0.626428
  36 35.5 251.1 0.48336
  37 36.5 198.5 0.441245
  38 37.5 106.6 0.230686
  39 38.5 30.9 0.0454336
  40 39.5 5.6 0.00919544
  41 40.5 0.6 0.000208801
  42 41.5 0 0
  43 42.5 0 0
  44 43.5 0 0
  45 44.5 0 0
  46 45.5 0 0
  47 46.5 0 0
  48 47.5 0 0
  49 48.5 0 0
  50 49.5 0 0
  51 50.5 0 0
  52 51.5 0 0
  53 52.5 0 0
  54 53.5 0 0
  55 54.5 0 0
  56 55.5 0 0
  57 56.5 0 0
  58 57.5 0 0
  59 58.5 0 0
  60 59.5 0 0
  61 60.5 0 0
  62 61.5 0 0
  63 62.5 0 0
  64 63.5 0 0
  65 64.5 0 0
  66 65.5 0 0
  67 66.5 0 0
  68 67.5 0 0
  69 68.5 0 0
  70 69.5 0 0
  71 70.5 0 0
  72 71.5 0 0
  73 72.5 0 0
  74 73.5 0 0
  75 74.5 0 0
  76 75.5 0 0
  77 76.5 0 0
  78 77.5 0 0
  79 78.5 0 0
  80 79.5 0 0
  81 80.5 0 0
  82 81.5 0 0
  83 82.5 0 0
  84 83.5 0 0
  85 84.5 0 0
  86 85.5 0 0
  87 86.5 0 0
  88 87.5 0 0
  89 88.5 0 0
  90 89.5 0 0
  91 90.5 0 0
  92 91.5 0 0
  93 92.5 0 0
  94 93.5 0 0
  95 94.5 0 0
  96 95.5 0 0
  97 96.5 0 0
  98 97.5 0 0
  99 98.5 0 0
  100 99.5 0 0
  101 100.5 0 0
  102 101.5 0 0
  103 102.5 0 0
  104 103.5 0 0
  105 104.5 0 0
  106 105.5 0 0
  107 106.5 0 0
  108 107.5 0 0
  109 108.5 0 0
  110 109.5 0 0
  111 110.5 0 0
  112 111.5 0 0
  113 112.5 0 0
  114 113.5 0 0
  115 114.5 0 0
  116 115.5 0 0
  117 116.5 0 0
  118 117.5 0 0
  119 118.5 0 0
  120 119.5 0 0
  121 120.5 0 0
  122 121.5 0 0
  123 122.5 0 0
  124 123.5 0 0
  125 124.5 0 0
  126 125.5 0 0
  127 126.5 0 0
  128 127.5 0 0
  129 128.5 0 0
  130 129.5 0 0
  131 130.5 0 0
  132 131.5 0 0
  133 132.5 0 0
  134 133.5 0 0
  135 134.5 0 0
  136 135.5 0 0
  137 136.5 0 0
  138 137.5 0 0
  139 138.5 0 0
  140 139.5 0 0
  141 140.5 0 0
  142 141.5 0 0
  143 142.5 0 0
  144 143.5 0 0
  145 144.5 0 0
  146 145.5 0 0
  147 146.5 0 0
  148 147.5 0 0
  149 148.5 0 0
  150 149.5 0 0
  151 150.5 0 0
  152 151.5 0 0
  153 152.5 0 0
  154 153.5 0 0
  155 154.5 0 0
  156 155.5 0 0
  157 156.5 0 0
  158 157.5 0 0
  159 158.5 0 0
  160 159.5 0 0
  161 160.5 0 0
  162 161.5 0 0
  163 162.5 0 0
  164 163.5 0 0
  165 164.5 0 0
  166 165.5 0 0
  167 166.5 0 0
  168 167.5 0 0
  169 168.5 0 0
  170 169.5 0 0
  171 170.5 0 0
  172 171.5 0 0
  173 172.5 0 0
  174 173.5 0 0
  175 174.5 0 0
  176 175.5 0 0
  177 176.5 0 0
  178 177.5 0 0
  179 178.5 0 0
  180 179.5 0 0
  181 180.5 0 0
  182 181.5 0 0
  183 182.5 0 0
  184 183.5 0 0
  185 184.5 0 0
  186 185.5 0 0
  187 186.5 0 0
  188 187.5 0 0
  189 188.5 0 0
  190 189.5 0 0
  191 190.5 0 0
  192 191.5 0 0
  193 192.5 0 0
  194 193.5 0 0
  195 194.5 0 0
  196 195.5 0 0
  197 196.5 0 0
  198 197.5 0 0
  199 198.5 0 0
  200 199.5 0 0
  201 200.5 0 0
  202 201.5 0 0
  203 202.5 0 0
  204 203.5 0 0
  205 204.5 0 0
  206 205.5 0 0
  207 206.5 0 0
  208 207.5 0 0
  209 208.5 0 0
  210 209.5 0 0
  211 210.5 0 0
  212 211.5 0 0
  213 212.5 0 0
  214 213.5 0 0
  215 214.5 0 0
  216 215.5 0 0
  217 216.5 0 0
  218 217.5 0 0
  219 218.5 0 0
  220 219.5 0 0
  221 220.5 0 0
  222 221.5 0 0
  223 222.5 0 0
  224 223.5 0 0
  225 224.5 0 0
  226 225.5 0 0
  227 226.5 0 0
  228 227.5 0 0
  229 228.5 0 0
  230 229.5 0 0
  231 230.5 0 0
  232 231.5 0 0
  233 232.5 0 0
  234 233.5 0 0
  235 234.5 0 0
  236 235.5 0 0
  237 236.5 0 0
  238 237.5 0 0
  239 238.5 0 0
  240 239.5 0 0
  241 240.5 0 0
  242 241.5 0 0
  243 242.5 0 0
  244 243.5 0 0
  245 244.5 0 0
  246 245.5 0.8 0.000278401
  247 246.5 1.7 0.00576777
  248 247.5 13 0.0184997
  249 248.5 37 0.079131
  250 249.5 87.4 0.187771
11000 250 13257.999999999998
  1 0.5 182.5 0.381327
  2 1.5 258.8 0.568134
  3 2.5 347.1 0.746323
  4 3.5 384.2 0.797088
  5 4.5 345 0.77468
  6 5.5 365.9 0.718111
  7 6.5 371.4 0.815608
  8 7.5 361.7 0.73842
  9 8.5 379.2 0.80804
  10 9.5 365.8 0.811233
  11 10.5 355 0.795181
  12 11.5 349.6 0.777401
  13 12.5 364.6 0.807675
  14 13.5 364.9 0.87279
  15 14.5 364.3 0.910733
  16 15.5 359.3 0.841896
  17 16.5 355.3 0.922084
  18 17.5 354.4 0.854675
  19 18.5 347.5 0.862022
  20 19.5 375.4 0.875124
  21 20.5 409.7 0.949701
  22 21.5 343.5 0.762329
  23 22.5 404.6 0.872005
  24 23.5 372 0.829282
  25 24.5 364.6 0.758346
  26 25.5 376.5 0.84458
  27 26.5 386.8 0.864412
  28 27.5 397.3 0.911852
  29 28.5 388.3 0.837548
  30 29.5 358.8 0.776997
  31 30.5 384.2 0.789937
  32 31.5 384.6 0.851776
  33 32.5 354 0.68843
  34 33.5 310.7 0.64541
  35 34.5 326.8 0.687764
  36 35.5 244.3 0.515674
  37 36.5 183 0.361832
  38 37.5 113.8 0.251825
  39 38.5 30.2 0.0570952
  40 39.5 3.7 0.00284046
  41 40.5 0 0
  42 41.5 0 0
  43 42.5 0 0
  44 43.5 0 0
  45 44.5 0 0
  46 45.5 0 0
  47 46.5 0 0
  48 47.5 0 0
  49 48.5 0 0
  50 49.5 0 0
  51 50.5 0 0
  52 51.5 0 0
  53 52.5 0 0
  54 53.5 0 0
  55 54.5 0 0
  56 55.5 0 0
  57 56.5 0 0
  58 57.5 0 0
  59 58.5 0 0
  60 59.5 0 0
  61 60.5 0 0
  62 61.5 0 0
  63 62.5 0 0
  64 63.5 0 0
  65 64.5 0 0
  66 65.5 0 0
  67 66.5 0 0
  68 67.5 0 0
  69 68.5 0 0
  70 69.5 0 0
  71 70.5 0 0
  72 71.5 0 0
  73 72.5 0 0
  74 73.5 0 0
  75 74.5 0 0
  76 75.5 0 0
  77 76.5 0 0
  78 77.5 0 0
  79 78.5 0 0
  80 79.5 0 0
  81 80.5 0 0
  82 81.5 0 0
  83 82.5 0 0
  84 83.5 0 0
  85 84.5 0 0
  86 85.5 0 0
  87 86.5 0 0
  88 87.5 0 0
  89 88.5 0 0
  90 89.5 0 0
  91 90.5 0 0
  92 91.5 0 0
  93 92.5 0 0
  94 93.5 0 0
  95 94.5 0 0
  96 95.5 0 0
  97 96.5 0 0
  98 97.5 0 0
  99 98.5 0 0
  100 99.5 0 0
  101 100.5 0 0
  102 101.5 0 0
  103 102.5 0 0
  104 103.5 0 0
  105 104.5 0 0
  106 105.5 0 0
  107 106.5 0 0
  108 107.5 0 0
  109 108.5 0 0
  110 109.5 0 0
  111 110.5 0 0
  112 111.5 0 0
  113 112.5 0 0
  114 113.5 0 0
  115 114.5 0 0
  116 115.5 0 0
  117 116.5 0 0
  118 117.5 0 0
  119 118.5 0 0
  120 119.5 0 0
  121 120.5 0 0
  122 121.5 0 0
  123 122.5 0 0
  124 123.5 0 0
  125 124.5 0 0
  126 125.5 0 0
  127 126.5 0 0
  128 127.5 0 0
  129 128.5 0 0
  130 129.5 0 0
  131 130.5 0 0
  132 131.5 0 0
  133 132.5 0 0
  134 133.5 0 0
  135 134.5 0 0
  136 135.5 0 0
  137 136.5 0 0
  138 137.5 0 0
  139 138.5 0 0
  140 139.5 0 0
  141 140.5 0 0
  142 141.5 0 0
  143 142.5 0 0
  144 143.5 0 0
  145 144.5 0 0
  146 145.5 0 0
  147 146.5 0 0
  148 147.5 0 0
  149 148.5 0 0
  150 149.5 0 0
  151 150.5 0 0
  152 151.5 0 0
  153 152.5 0 0
  154 153.5 0 0
  155 154.5 0 0
  156 155.5 0 0
  157 156.5 0 0
  158 157.5 0 0
  159 158.5 0 0
  160 159.5 0 0
  161 160.5 0 0
  162 161.5 0 0
  163 162.5 0 0
  164 163.5 0 0
  165 164.5 0 0
  166 165.5 0 0
  167 166.5 0 0
  168 167.5 0 0
  169 168.5 0 0
  170 169.5 0 0
  171 170.5 0 0
  172 171.5 0 0
  173 172.5 0 0
  174 173.5 0 0
  175 174.5 0 0
  176 175.5 0 0
  177 176.5 0 0
  178 177.5 0 0
  179 178.5 0 0
  180 179.5 0 0
  181 180.5 0 0
  182 181.5 0 0
  183 182.5 0 0
  184 183.5 0 0
  185 184.5 0 0
  186 185.5 0 0
  187 186.5 0 0
  188 187.5 0 0
  189 188.5 0 0
  190 189.5 0 0
  191 190.5 0 0
  192 191.5 0 0
  193 192.5 0 0
  194 193.5 0 0
  195 194.5 0 0
  196 195.5 0 0
  197 196.5 0 0
  198 197.5 0 0
  199 198.5 0 0
  200 199.5 0 0
  201 200.5 0 0
  202 201.5 0 0
  203 202.5 0 0
  204 203.5 0 0
  205 204.5 0 0
  206 205.5 0 0
  207 206.5 0 0
  208 207.5 0 0
  209 208.5 0 0
  210 209.5 0 0
  211 210.5 0 0
  212 211.5 0 0
  213 212.5 0 0
  214 213.5 0 0
  215 214.5 0 0
  216 215.5 0 0
  217 216.5 0 0
  218 217.5 0 0
  219 218.5 0 0
  220 219.5 0 0
  221 220.5 0 0
  222 221.5 0 0
  223 222.5 0 0
  224 223.5 0 0
  225 224.5 0 0
  226 225.5 0 0
  227 226.5 0 0
  228 227.5 0 0
  229 228.5 0 0
  230 229.5 0 0
  231 230.5 0 0
  232 231.5 0 0
  233 232.5 0 0
  234 233.5 0 0
  235 234.5 0 0
  236 235.5 0 0
  237 236.5 0 0
  238 237.5 0 0
  239 238.5 0 0
  240 239.5 0 0
  241 240.5 0 0
  242 241.5 0 0
  243 242.5 0 0
  244 243.5 0 0
  245 244.5 0 0
  246 245.5 0 0
  247 246.5 1.8 0.00217925
  248 247.5 16.3 0.0289652
  249 248.5 56 0.119906
  250 249.5 94.6 0.180959
11500 250 13258.000000000004
  1 0.5 174.8 0.377095
  2 1.5 252.9 0.51846
  3 2.5 367.5 0.834793
  4 3.5 363.1 0.722868
  5 4.5 358.1 0.797667
  6 5.5 361.1 0.738387
  7 6.5 377.7 0.787778
  8 7.5 356.2 0.738887
  9 8.5 373.6 0.829833
  10 9.5 365.3 0.770608
  11 10.5 348.6 0.811249
  12 11.5 355.7 0.782177
  13 12.5 344.4 0.782566
  14 13.5 384.3 0.865598
  15 14.5 359.2 0.922976
  16 15.5 345 0.806578
  17 16.5 385.6 0.964521
  18 17.5 351.1 0.878535
  19 18.5 341 0.808173
  20 19.5 401.6 0.997226
  21 20.5 403.3 0.899552
  22 21.5 333.5 0.768987
  23 22.5 397.4 0.85152
  24 23.5 375.6 0.834296
  25 24.5 374.6 0.768935
  26 25.5 389.4 0.89431
  27 26.5 386.2 0.817485
  28 27.5 404.1 0.944993
  29 28.5 384.5 0.821659
  30 29.5 372.6 0.811998
  31 30.5 375.3 0.777523
  32 31.5 378.5 0.804103
  33 32.5 367.5 0.776464
  34 33.5 305 0.621687
  35 34.5 301.6 0.635514
  36 35.5 255.2 0.514291
  37 36.5 180.9 0.385429
  38 37.5 95.6 0.209259
  39 38.5 24.8 0.0339937
  40 39.5 3.2 0.00628977
  41 40.5 1 0.000348001
  42 41.5 0 0
  43 42.5 0 0
  44 43.5 0 0
  45 44.5 0 0
  46 45.5 0 0
  47 46.5 0 0
  48 47.5 0 0
  49 48.5 0 0
  50 49.5 0 0
  51 50.5 0 0
  52 51.5 0 0
  53 52.5 0 0
  54 53.5 0 0
  55 54.5 0 0
  56 55.5 0 0
  57 56.5 0 0
  58 57.5 0 0
  59 58.5 0 0
  60 59.5 0 0
  61 60.5 0 0
  62 61.5 0 0
  63 62.5 0 0
  64 63.5 0 0
  65 64.5 0 0
  66 65.5 0 0
  67 66.5 0 0
  68 67.5 0 0
  69 68.5 0 0
  70 69.5 0 0
  71 70.5 0 0
  72 71.5 0 0
  73 72.5 0 0
  74 73.5 0 0
  75 74.5 0 0
  76 75.5 0 0
  77 76.5 0 0
  78 77.5 0 0
  79 78.5 0 0
  80 79.5 0 0
  81 80.5 0 0
  82 81.5 0 0
  83 82.5 0 0
  84 83.5 0 0
  85 84.5 0 0
  86 85.5 0 0
  87 86.5 0 0
  88 87.5 0 0
  89 88.5 0 0
  90 89.5 0 0
  91 90.5 0 0
  92 91.5 0 0
  93 92.5 0 0
  94 93.5 0 0
  95 94.5 0 0
  96 95.5 0 0
  97 96.5 0 0
  98 97.5 0 0
  99 98.5 0 0
  100 99.5 0 0
  101 100.5 0 0
  102 101.5 0 0
  103 102.5 0 0
  104 103.5 0 0
  105 104.5 0 0
  106 105.5 0 0
  107 106.5 0 0
  108 107.5 0 0
  109 108.5 0 0
  110 109.5 0 0
  111 110.5 0 0
  112 111.5 0 0
  113 112.5 0 0
  114 113.5 0 0
  115 114.5 0 0
  116 115.5 0 0
  117 116.5 0 0
  118 117.5 0 0
  119 118.5 0 0
  120 119.5 0 0
  121 120.5 0 0
  122 121.5 0 0
  123 122.5 0 0
  124 123.5 0 0
  125 124.5 0 0
  126 125.5 0 0
  127 126.5 0 0
  128 127.5 0 0
  129 128.5 0 0
  130 129.5 0 0
  131 130.5 0 0
  132 131.5 0 0
  133 132.5 0 0
  134 133.5 0 0
  135 134.5 0 0
  136 135.5 0 0
  137 136.5 0 0
  138 137.5 0 0
  139 138.5 0 0
  140 139.5 0 0
  141 140.5 0 0
  142 141.5 0 0
  143 142.5 0 0
  144 143.5 0 0
  145 144.5 0 0
  146 145.5 0 0
  147 146.5 0 0
  148 147.5 0 0
  149 148.5 0 0
  150 149.5 0 0
  151 150.5 0 0
  152 151.5 0 0
  153 152.5 0 0
  154 153.5 0 0
  155 154.5 0 0
  156 155.5 0 0
  157 156.5 0 0
  158 157.5 0 0
  159 158.5 0 0
  160 159.5 0 0
  161 160.5 0 0
  162 161.5 0 0
  163 162.5 0 0
  164 163.5 0 0
  165 164.5 0 0
  166 165.5 0 0
  167 166.5 0 0
  168 167.5 0 0
  169 168.5 0 0
  170 169.5 0 0
  171 170.5 0 0
  172 171.5 0 0
  173 172.5 0 0
  174 173.5 0 0
  175 174.5 0 0
  176 175.5 0 0
  177 176.5 0 0
  178 177.5 0 0
  179 178.5 0 0
  180 179.5 0 0
  181 180.5 0 0
  182 181.5 0 0
  183 182.5 0 0
  184 183.5 0 0
  185 184.5 0 0
  186 185.5 0 0
  187 186.5 0 0
  188 187.5 0 0
  189 188.5 0 0
  190 189.5 0 0
  191 190.5 0 0
  192 191.5 0 0
  193 192.5 0 0
  194 193.5 0 0
  195 194.5 0 0
  196 195.5 0 0
  197 196.5 0 0
  198 197.5 0 0
  199 198.5 0 0
  200 199.5 0 0
  201 200.5 0 0
  202 201.5 0 0
  203 202.5 0 0
  204 203.5 0 0
  205 204.5 0 0
  206 205.5 0 0
  207 206.5 0 0
  208 207.5 0 0
  209 208.5 0 0
  210 209.5 0 0
  211 210.5 0 0
  212 211.5 0 0
  213 212.5 0 0
  214 213.5 0 0
  215 214.5 0 0
  216 215.5 0 0
  217 216.5 0 0
  218 217.5 0 0
  219 218.5 0 0
  220 219.5 0 0
  221 220.5 0 0
  222 221.5 0 0
  223 222.5 0 0
  224 223.5 0 0
  225 224.5 0 0
  226 225.5 0 0
  227 226.5 0 0
  228 227.5 0 0
  229 228.5 0 0
  230 229.5 0 0
  231 230.5 0 0
  232 231.5 0 0
  233 232.5 0 0
  234 233.5 0 0
  235 234.5 0 0
  236 235.5 0 0
  237 236.5 0 0
  238 237.5 0 0
  239 238.5 0 0
  240 239.5 0 0
  241 240.5 0 0
  242 241.5 0 0
  243 242.5 0 0
  244 243.5 0 0
  245 244.5 0 0
  246 245.5 0 0
  247 246.5 1.1 0.000382801
  248 247.5 22.5 0.0425104
  249 248.5 51.1 0.106295
  250 249.5 106.7 0.206392
12000 250 13258.000000000004
  1 0.5 175 0.340413
  2 1.5 263.7 0.580502
  3 2.5 333.3 0.71805
  4 3.5 381.1 0.782522
  5 4.5 346.2 0.75605
  6 5.5 359.6 0.725029
  7 6.5 371.2 0.809327
  8 7.5 352.6 0.730387
  9 8.5 374.5 0.785423
  10 9.5 352.8 0.763456
  11 10.5 360.4 0.809874
  12 11.5 366.7 0.839739
  13 12.5 368.3 0.826691
  14 13.5 386.3 0.885217
  15 14.5 369.7 0.96414
  16 15.5 353.1 0.812924
  17 16.5 382.8 0.976549
  18 17.5 340.1 0.814277
  19 18.5 348.8 0.842783
  20 19.5 401.4 0.950527
  21 20.5 394.1 0.940167
  22 21.5 367.5 0.797703
  23 22.5 380.2 0.842947
  24 23.5 376.5 0.796513
  25 24.5 376.6 0.807003
  26 25.5 394.1 0.879423
  27 26.5 391.6 0.897585
  28 27.5 394.1 0.882922
  29 28.5 361.6 0.795718
  30 29.5 354.3 0.766975
  31 30.5 397.2 0.805435
  32 31.5 374.2 0.805194
  33 32.5 354 0.732945
  34 33.5 307.2 0.620382
  35 34.5 325.5 0.697664
  36 35.5 240.5 0.489506
  37 36.5 183.3 0.379017
  38 37.5 82.5 0.168467
  39 38.5 24.2 0.0472429
  40 39.5 4.3 0.00615496
  41 40.5 0 0
  42 41.5 0 0
  43 42.5 0 0
  44 43.5 0 0
  45 44.5 0 0
  46 45.5 0 0
  47 46.5 0 0
  48 47.5 0 0
  49 48.5 0 0
  50 49.5 0 0
  51 50.5 0 0
  52 51.5 0 0
  53 52.5 0 0
  54 53.5 0 0
  55 54.5 0 0
  56 55.5 0 0
  57 56.5 0 0
  58 57.5 0 0
  59 58.5 0 0
  60 59.5 0 0
  61 60.5 0 0
  62 61.5 0 0
  63 62.5 0 0
  64 63.5 0 0
  65 64.5 0 0
  66 65.5 0 0
  67 66.5 0 0
  68 67.5 0 0
  69 68.5 0 0
  70 69.5 0 0
  71 70.5 0 0
  72 71.5 0 0
  73 72.5 0 0
  74 73.5 0 0
  75 74.5 0 0
  76 75.5 0 0
  77 76.5 0 0
  78 77.5 0 0
  79 78.5 0 0
  80 79.5 0 0
  81 80.5 0 0
  82 81.5 0 0
  83 82.5 0 0
  84 83.5 0 0
  85 84.5 0 0
  86 85.5 0 0
  87 86.5 0 0
  88 87.5 0 0
  89 88.5 0 0
  90 89.5 0 0
  91 90.5 0 0
  92 91.5 0 0
  93 92.5 0 0
  94 93.5 0 0
  95 94.5 0 0
  96 95.5 0 0
  97 96.5 0 0
  98 97.5 0 0
  99 98.5 0 0
  100 99.5 0 0
  101 100.5 0 0
  102 101.5 0 0
  103 102.5 0 0
  104 103.5 0 0
  105 104.5 0 0
  106 105.5 0 0
  107 106.5 0 0
  108 107.5 0 0
  109 108.5 0 0
  110 109.5 0 0
  111 110.5 0 0
  112 111.5 0 0
  113 112.5 0 0
  114 113.5 0 0
  115 114.5 0 0
  116 115.5 0 0
  117 116.5 0 0
  118 117.5 0 0
  119 118.5 0 0
  120 119.5 0 0
  121 120.5 0 0
  122 121.5 0 0
  123 122.5 0 0
  124 123.5 0 0
  125 124.5 0 0
  126 125.5 0 0
  127 126.5 0 0
  128 127.5 0 0
  129 128.5 0 0
  130 129.5 0 0
  131 130.5 0 0
  132 131.5 0 0
  133 132.5 0 0
  134 133.5 0 0
  135 134.5 0 0
  136 135.5 0 0
  137 136.5 0 0
  138 137.5 0 0
  139 138.5 0 0
  140 139.5 0 0
  141 140.5 0 0
  142 141.5 0 0
  143 142.5 0 0
  144 143.5 0 0
  145 144.5 0 0
  146 145.5 0 0
  147 146.5 0 0
  148 147.5 0 0
  149 148.5 0 0
  150 149.5 0 0
  151 150.5 0 0
  152 151.5 0 0
  153 152.5 0 0
  154 153.5 0 0
  155 154.5 0 0
  156 155.5 0 0
  157 156.5 0 0
  158 157.5 0 0
  159 158.5 0 0
  160 159.5 0 0
  161 160.5 0 0
  162 161.5 0 0
  163 162.5 0 0
  164 163.5 0 0
  165 164.5 0 0
  166 165.5 0 0
  167 166.5 0 0
  168 167.5 0 0
  169 168.5 0 0
  170 169.5 0 0
  171 170.5 0 0
  172 171.5 0 0
  173 172.5 0 0
  174 173.5 0 0
  175 174.5 0 0
  176 175.5 0 0
  177 176.5 0 0
  178 177.5 0 0
  179 178.5 0 0
  180 179.5 0 0
  181 180.5 0 0
  182 181.5 0 0
  183 182.5 0 0
  184 183.5 0 0
  185 184.5 0 0
  186 185.5 0 0
  187 186.5 0 0
  188 187.5 0 0
  189 188.5 0 0
  190 189.5 0 0
  191 190.5 0 0
  192 191.5 0 0
  193 192.5 0 0
  194 193.5 0 0
  195 194.5 0 0
  196 195.5 0 0
  197 196.5 0 0
  198 197.5 0 0
  199 198.5 0 0
  200 199.5 0 0
  201 200.5 0 0
  202 201.5 0 0
  203 202.5 0 0
  204 203.5 0 0
  205 204.5 0 0
  206 205.5 0 0
  207 206.5 0 0
  208 207.5 0 0
  209 208.5 0 0
  210 209.5 0 0
  211 210.5 0 0
  212 211.5 0 0
  213 212.5 0 0
  214 213.5 0 0
  215 214.5 0 0
  216 215.5 0 0
  217 216.5 0 0
  218 217.5 0 0
  219 218.5 0 0
  220 219.5 0 0
  221 220.5 0 0
  222 221.5 0 0
  223 222.5 0 0
  224 223.5 0 0
  225 224.5 0 0
  226 225.5 0 0
  227 226.5 0 0
  228 227.5 0 0
  229 228.5 0 0
  230 229.5 0 0
  231 230.5 0 0
  232 231.5 0 0
  233 232.5 0 0
  234 233.5 0 0
  235 234.5 0 0
  236 235.5 0 0
  237 236.5 0 0
  238 237.5 0 0
  239 238.5 0 0
  240 239.5 0 0
  241 240.5 0 0
  242 241.5 0 0
  243 242.5 0 0
  244 243.5 0 0
  245 244.5 0 0
  246 245.5 0 0
  247 246.5 0 0
  248 247.5 13.9 0.0203657
  249 248.5 60.2 0.113603
  250 249.5 112.8 0.263383
