# Time-averaged data for fix track_rdf
# TimeStep Number-of-rows
# Row c_rdf_calc[1] c_rdf_calc[2] c_rdf_calc[3]
2500 100
1 0.061546 0 0
2 0.184638 0 0
3 0.30773 0 0
4 0.430822 0 0
5 0.553914 0 0
6 0.677006 0 0
7 0.800098 0 0
8 0.92319 0 0
9 1.04628 0 0
10 1.16937 0 0
11 1.29247 0 0
12 1.41556 0 0
13 1.53865 0 0
14 1.66174 1.15963 0.035
15 1.78483 2.01051 0.105
16 1.90793 3.26773 0.235
17 2.03102 3.77107 0.405
18 2.15411 3.74693 0.595
19 2.2772 1.58822 0.685
20 2.40029 0.953023 0.745
21 2.52339 2.73071 0.935
22 2.64648 2.28665 1.11
23 2.76957 3.22139 1.38
24 2.89266 2.46092 1.605
25 3.01575 3.67297 1.97
26 3.13885 3.80859 2.38
27 3.26194 2.8815 2.715
28 3.38503 2.91539 3.08
29 3.50812 3.4209 3.54
30 3.63121 4.2341 4.15
31 3.75431 4.12336 4.785
32 3.8774 4.68759 5.555
33 4.00049 4.20342 6.29
34 4.12358 4.92511 7.205
35 4.24667 5.48115 8.285
36 4.36977 5.72795 9.48
37 4.49286 3.94478 10.35
38 4.61595 4.61782 11.425
39 4.73904 5.07388 12.67
40 4.86213 5.61393 14.12
41 4.98523 5.76366 15.685
42 5.10832 5.54187 17.265
43 5.23141 5.40121 18.88
44 5.3545 5.57076 20.625
45 5.47759 6.00958 22.595
46 5.60069 6.47782 24.815
47 5.72378 6.09046 26.995
48 5.84687 6.34544 29.365
49 5.96996 6.89544 32.05
50 6.09305 6.81689 34.815
51 6.21615 6.28903 37.47
52 6.33924 6.78742 40.45
53 6.46233 6.45461 43.395
54 6.58542 6.6799 46.56
55 6.70851 6.17263 49.595
56 6.83161 6.39347 52.855
57 6.9547 6.07454 56.065
58 7.07779 6.46805 59.605
59 7.20088 5.9399 62.97
60 7.32397 6.40741 66.725
61 7.44707 5.90027 70.3
62 7.57016 6.04536 74.085
63 7.69325 6.78909 78.475
64 7.81634 6.70429 82.95
65 7.93943 7.34749 88.01
66 8.06253 7.32902 93.215
67 8.18562 7.57472 98.76
68 8.30871 7.57072 104.47
69 8.4318 7.27405 110.12
70 8.55489 7.36014 116.005
71 8.67799 6.63626 121.465
72 8.80108 6.65873 127.1
73 8.92417 7.14865 133.32
74 9.04726 7.62081 140.135
75 9.17035 7.39583 146.93
76 9.29345 6.99985 153.535
77 9.41654 6.99353 160.31
78 9.53963 6.68347 166.955
79 9.66272 6.48977 173.575
80 9.78581 6.94882 180.845
81 9.90891 7.43913 188.825
82 10.032 7.47142 197.04
83 10.1551 7.30027 205.265
84 10.2782 7.43838 213.85
85 10.4013 7.10685 222.25
86 10.5244 6.59037 230.225
87 10.6475 6.66898 238.485
88 10.7706 6.47797 246.695
89 10.8936 7.35052 256.225
90 11.0167 6.97602 265.475
91 11.1398 7.12143 275.13
92 11.2629 7.22277 285.14
93 11.386 6.9792 295.025
94 11.5091 7.21422 305.465
95 11.6322 6.96764 315.765
96 11.7553 6.76619 325.98
97 11.8784 7.03213 336.82
98 12.0015 6.72658 347.405
99 12.1246 6.69343 358.155
100 12.2477 6.64804 369.05
3000 100
1 0.061546 0 0
2 0.184638 0 0
3 0.30773 0 0
4 0.430822 0 0
5 0.553914 0 0
6 0.677006 0 0
7 0.800098 0 0
8 0.92319 0 0
9 1.04628 0 0
10 1.16937 0 0
11 1.29247 0 0
12 1.41556 0 0
13 1.53865 0 0
14 1.66174 0.331322 0.01
15 1.78483 3.44659 0.13
16 1.90793 3.01636 0.25
17 2.03102 3.66016 0.415
18 2.15411 1.77486 0.505
19 2.2772 1.32351 0.58
20 2.40029 1.11186 0.65
21 2.52339 1.6528 0.765
22 2.64648 2.80931 0.98
23 2.76957 3.40036 1.265
24 2.89266 3.00779 1.54
25 3.01575 3.06919 1.845
26 3.13885 3.34413 2.205
27 3.26194 4.77382 2.76
28 3.38503 4.79242 3.36
29 3.50812 5.05698 4.04
30 3.63121 4.58115 4.7
31 3.75431 4.25323 5.355
32 3.8774 5.38768 6.24
33 4.00049 6.20505 7.325
34 4.12358 6.00163 8.44
35 4.24667 5.35427 9.495
36 4.36977 5.10482 10.56
37 4.49286 4.96498 11.655
38 4.61595 5.17625 12.86
39 4.73904 4.7886 14.035
40 4.86213 5.63329 15.49
41 4.98523 6.46341 17.245
42 5.10832 6.75196 19.17
43 5.23141 6.73897 21.185
44 5.3545 6.65618 23.27
45 5.47759 5.93332 25.215
46 5.60069 5.82129 27.21
47 5.72378 5.75521 29.27
48 5.84687 5.50206 31.325
49 5.96996 6.00943 33.665
50 6.09305 7.24834 36.605
51 6.21615 7.61554 39.82
52 6.33924 7.10629 42.94
53 6.46233 6.83816 46.06
54 6.58542 6.81709 49.29
55 6.70851 6.52854 52.5
56 6.83161 5.94239 55.53
57 6.9547 6.38678 58.905
58 7.07779 6.75125 62.6
59 7.20088 7.14024 66.645
60 7.32397 6.8084 70.635
61 7.44707 7.03081 74.895
62 7.57016 7.41895 79.54
63 7.69325 6.6963 83.87
64 7.81634 6.35972 88.115
65 7.93943 7.44913 93.245
66 8.06253 6.60387 97.935
67 8.18562 7.56789 103.475
68 8.30871 7.33206 109.005
69 8.4318 7.25473 114.64
70 8.55489 6.65977 119.965
71 8.67799 7.03736 125.755
72 8.80108 7.14912 131.805
73 8.92417 7.66009 138.47
74 9.04726 7.95069 145.58
75 9.17035 8.02711 152.955
76 9.29345 7.66752 160.19
77 9.41654 7.16386 167.13
78 9.53963 7.53839 174.625
79 9.66272 7.4946 182.27
80 9.78581 6.86757 189.455
81 9.90891 7.11285 197.085
82 10.032 6.69381 204.445
83 10.1551 6.94524 212.27
84 10.2782 7.05282 220.41
85 10.4013 7.14915 228.86
86 10.5244 7.21842 237.595
87 10.6475 6.97175 246.23
88 10.7706 7.66152 255.94
89 10.8936 7.38523 265.515
90 11.0167 6.97979 274.77
91 11.1398 6.94441 284.185
92 11.2629 7.19752 294.16
93 11.386 7.01097 304.09
94 11.5091 6.76852 313.885
95 11.6322 6.38588 323.325
96 11.7553 6.60391 333.295
97 11.8784 6.61371 343.49
98 12.0015 7.00301 354.51
99 12.1246 6.63428 365.165
100 12.2477 7.10264 376.805
3500 100
1 0.061546 0 0
2 0.184638 0 0
3 0.30773 0 0
4 0.430822 0 0
5 0.553914 0 0
6 0.677006 0 0
7 0.800098 0 0
8 0.92319 0 0
9 1.04628 0 0
10 1.16937 0 0
11 1.29247 0 0
12 1.41556 0 0
13 1.53865 0 0
14 1.66174 0.993966 0.03
15 1.78483 3.73381 0.16
16 1.90793 3.51909 0.3
17 2.03102 3.2165 0.445
18 2.15411 1.18324 0.505
19 2.2772 1.85292 0.61
20 2.40029 2.46198 0.765
21 2.52339 2.44327 0.935
22 2.64648 3.20131 1.18
23 2.76957 3.28105 1.455
24 2.89266 3.55466 1.78
25 3.01575 4.98114 2.275
26 3.13885 5.34132 2.85
27 3.26194 5.20389 3.455
28 3.38503 4.9921 4.08
29 3.50812 5.01979 4.755
30 3.63121 5.83056 5.595
31 3.75431 6.33115 6.57
32 3.8774 6.42261 7.625
33 4.00049 6.37662 8.74
34 4.12358 5.84015 9.825
35 4.24667 5.81103 10.97
36 4.36977 5.27259 12.07
37 4.49286 4.82895 13.135
38 4.61595 6.22868 14.585
39 4.73904 6.58178 16.2
40 4.86213 6.13661 17.785
41 4.98523 6.38975 19.52
42 5.10832 5.98031 21.225
43 5.23141 6.58847 23.195
44 5.3545 6.87965 25.35
45 5.47759 6.78747 27.575
46 5.60069 7.14895 30.025
47 5.72378 7.26385 32.625
48 5.84687 6.82737 35.175
49 5.96996 6.1892 37.585
50 6.09305 6.71827 40.31
51 6.21615 6.66804 43.125
52 6.33924 7.73265 46.52
53 6.46233 7.9669 50.155
54 6.58542 7.69296 53.8
55 6.70851 7.53528 57.505
56 6.83161 7.33483 61.245
57 6.9547 7.56006 65.24
58 7.07779 6.76952 68.945
59 7.20088 7.03433 72.93
60 7.32397 6.79987 76.915
61 7.44707 6.72548 80.99
62 7.57016 6.68424 85.175
63 7.69325 7.43862 89.985
64 7.81634 7.21367 94.8
65 7.93943 7.93558 100.265
66 8.06253 7.674 105.715
67 8.18562 7.9777 111.555
68 8.30871 7.78286 117.425
69 8.4318 7.9757 123.62
70 8.55489 7.82913 129.88
71 8.67799 7.44453 136.005
72 8.80108 7.68678 142.51
73 8.92417 7.41873 148.965
74 9.04726 7.67113 155.825
75 9.17035 7.84752 163.035
76 9.29345 7.7417 170.34
77 9.41654 7.51998 177.625
78 9.53963 7.44284 185.025
79 9.66272 7.37206 192.545
80 9.78581 7.46018 200.35
81 9.90891 7.41116 208.3
82 10.032 7.12127 216.13
83 10.1551 7.50441 224.585
84 10.2782 7.46438 233.2
85 10.4013 7.37336 241.915
86 10.5244 6.96637 250.345
87 10.6475 6.78201 258.745
88 10.7706 7.01846 267.64
89 10.8936 7.31581 277.125
90 11.0167 7.49639 287.065
91 11.1398 7.19888 296.825
92 11.2629 7.2372 306.855
93 11.386 7.36399 317.285
94 11.5091 7.19695 327.7
95 11.6322 7.50882 338.8
96 11.7553 7.55111 350.2
97 11.8784 7.83979 362.285
98 12.0015 7.38748 373.91
99 12.1246 7.55579 386.045
100 12.2477 7.53892 398.4
4000 100
1 0.061546 0 0
2 0.184638 0 0
3 0.30773 0 0
4 0.430822 0 0
5 0.553914 0 0
6 0.677006 0 0
7 0.800098 0 0
8 0.92319 0 0
9 1.04628 0 0
10 1.16937 0 0
11 1.29247 0 0
12 1.41556 0 0
13 1.53865 0.193212 0.005
14 1.66174 0.496983 0.02
15 1.78483 3.15937 0.13
16 1.90793 4.27318 0.3
17 2.03102 2.66193 0.42
18 2.15411 2.56369 0.55
19 2.2772 1.49998 0.635
20 2.40029 2.1443 0.77
21 2.52339 3.73677 1.03
22 2.64648 2.61331 1.23
23 2.76957 3.57933 1.53
24 2.89266 3.60935 1.86
25 3.01575 4.62894 2.32
26 3.13885 6.22379 2.99
27 3.26194 6.53712 3.75
28 3.38503 6.15027 4.52
29 3.50812 6.43277 5.385
30 3.63121 5.65703 6.2
31 3.75431 6.42855 7.19
32 3.8774 6.84875 8.315
33 4.00049 6.60537 9.47
34 4.12358 5.86707 10.56
35 4.24667 6.44542 11.83
36 4.36977 6.08744 13.1
37 4.49286 5.28238 14.265
38 4.61595 5.64877 15.58
39 4.73904 6.54102 17.185
40 4.86213 6.65928 18.905
41 4.98523 7.32888 20.895
42 5.10832 7.40085 23.005
43 5.23141 7.2908 25.185
44 5.3545 6.91157 27.35
45 5.47759 7.45859 29.795
46 5.60069 7.26567 32.285
47 5.72378 7.24989 34.88
48 5.84687 7.84478 37.81
49 5.96996 7.28066 40.645
50 6.09305 7.44557 43.665
51 6.21615 7.08257 46.655
52 6.33924 7.01518 49.735
53 6.46233 8.37236 53.555
54 6.58542 7.60854 57.16
55 6.70851 7.11835 60.66
56 6.83161 6.91318 64.185
57 6.9547 7.43705 68.115
58 7.07779 6.76952 71.82
59 7.20088 7.66097 76.16
60 7.32397 7.7725 80.715
61 7.44707 7.08858 85.01
62 7.57016 7.05159 89.425
63 7.69325 7.39995 94.21
64 7.81634 7.6781 99.335
65 7.93943 8.00818 104.85
66 8.06253 8.23019 110.695
67 8.18562 8.01868 116.565
68 8.30871 8.27343 122.805
69 8.4318 8.27825 129.235
70 8.55489 8.41694 135.965
71 8.67799 7.98539 142.535
72 8.80108 8.20672 149.48
73 8.92417 8.22324 156.635
74 9.04726 7.92832 163.725
75 9.17035 8.13596 171.2
76 9.29345 8.04904 178.795
77 9.41654 7.60256 186.16
78 9.53963 7.2618 193.38
79 9.66272 7.99947 201.54
80 9.78581 7.83295 209.735
81 9.90891 7.79803 218.1
82 10.032 7.62149 226.48
83 10.1551 7.79288 235.26
84 10.2782 7.05282 243.4
85 10.4013 7.53411 252.305
86 10.5244 7.92084 261.89
87 10.6475 8.03346 271.84
88 10.7706 8.08365 282.085
89 10.8936 7.95599 292.4
90 11.0167 7.89987 302.875
91 11.1398 8.01391 313.74
92 11.2629 7.79641 324.545
93 11.386 7.45577 335.105
94 11.5091 7.78777 346.375
95 11.6322 7.99588 358.195
96 11.7553 7.78956 369.955
97 11.8784 8.22254 382.63
98 12.0015 7.91493 395.085
99 12.1246 7.38145 406.94
100 12.2477 7.97216 420.005
4500 100
1 0.061546 0 0
2 0.184638 0 0
3 0.30773 0 0
4 0.430822 0 0
5 0.553914 0 0
6 0.677006 0 0
7 0.800098 0 0
8 0.92319 0 0
9 1.04628 0 0
10 1.16937 0 0
11 1.29247 0 0
12 1.41556 0 0
13 1.53865 0 0
14 1.66174 0.993966 0.03
15 1.78483 4.88267 0.2
16 1.90793 7.16386 0.485
17 2.03102 4.32564 0.68
18 2.15411 2.16928 0.79
19 2.2772 1.85292 0.895
20 2.40029 1.50895 0.99
21 2.52339 1.50908 1.095
22 2.64648 2.74398 1.305
23 2.76957 2.08794 1.48
24 2.89266 4.21091 1.865
25 3.01575 3.97485 2.26
26 3.13885 5.29487 2.83
27 3.26194 6.27908 3.56
28 3.38503 5.7509 4.28
29 3.50812 5.466 5.015
30 3.63121 6.1082 5.895
31 3.75431 6.33115 6.87
32 3.8774 8.00543 8.185
33 4.00049 7.12008 9.43
34 4.12358 6.78211 10.69
35 4.24667 6.69918 12.01
36 4.36977 6.51883 13.37
37 4.49286 5.59977 14.605
38 4.61595 6.0139 16.005
39 4.73904 6.78555 17.67
40 4.86213 6.34955 19.31
41 4.98523 7.6235 21.38
42 5.10832 7.87437 23.625
43 5.23141 7.89279 25.985
44 5.3545 7.88525 28.455
45 5.47759 7.04677 30.765
46 5.60069 6.68208 33.055
47 5.72378 6.73303 35.465
48 5.84687 8.47397 38.63
49 5.96996 8.03826 41.76
50 6.09305 8.51803 45.215
51 6.21615 7.16547 48.24
52 6.33924 6.53688 51.11
53 6.46233 6.59707 54.12
54 6.58542 7.40804 57.63
55 6.70851 7.4946 61.315
56 6.83161 7.83494 65.31
57 6.9547 8.20346 69.645
58 7.07779 8.85245 74.49
59 7.20088 8.32292 79.205
60 7.32397 7.78956 83.77
61 7.44707 8.19436 88.735
62 7.57016 7.7863 93.61
63 7.69325 8.12681 98.865
64 7.81634 8.19497 104.335
65 7.93943 8.34942 110.085
66 8.06253 7.94858 115.73
67 8.18562 7.36981 121.125
68 8.30871 7.48454 126.77
69 8.4318 7.51222 132.605
70 8.55489 7.49145 138.595
71 8.67799 8.3561 145.47
72 8.80108 8.88027 152.985
73 8.92417 8.91282 160.74
74 9.04726 9.11366 168.89
75 9.17035 7.99446 176.235
76 9.29345 8.19211 183.965
77 9.41654 7.99998 191.715
78 9.53963 7.50822 199.18
79 9.66272 7.52401 206.855
80 9.78581 7.96677 215.19
81 9.90891 8.12431 223.905
82 10.032 7.65332 232.32
83 10.1551 7.90826 241.23
84 10.2782 7.66799 250.08
85 10.4013 7.77523 259.27
86 10.5244 7.67706 268.56
87 10.6475 7.50058 277.85
88 10.7706 8.09154 288.105
89 10.8936 8.27994 298.84
90 11.0167 8.43155 310.02
91 11.1398 8.78469 321.93
92 11.2629 8.01288 333.035
93 11.386 7.95353 344.3
94 11.5091 7.81886 355.615
95 11.6322 7.94176 367.355
96 11.7553 7.93529 379.335
97 11.8784 8.05387 391.75
98 12.0015 8.02932 404.385
99 12.1246 7.92004 417.105
100 12.2477 7.71283 429.745
5000 100
1 0.061546 0 0
2 0.184638 0 0
3 0.30773 0 0
4 0.430822 0 0
5 0.553914 0 0
6 0.677006 0 0
7 0.800098 0 0
8 0.92319 0 0
9 1.04628 0 0
10 1.16937 0 0
11 1.29247 0 0
12 1.41556 0 0
13 1.53865 0 0
14 1.66174 1.15963 0.035
15 1.78483 3.5902 0.16
16 1.90793 4.65023 0.345
17 2.03102 4.76929 0.56
18 2.15411 3.54972 0.74
19 2.2772 3.52937 0.94
20 2.40029 2.77965 1.115
21 2.52339 2.0121 1.255
22 2.64648 2.48265 1.445
23 2.76957 2.56518 1.66
24 2.89266 4.10154 2.035
25 3.01575 4.57863 2.49
26 3.13885 3.99438 2.92
27 3.26194 6.4081 3.665
28 3.38503 5.39147 4.34
29 3.50812 6.17249 5.17
30 3.63121 5.37938 5.945
31 3.75431 5.6818 6.82
32 3.8774 5.6312 7.745
33 4.00049 5.71894 8.745
34 4.12358 5.86707 9.835
35 4.24667 5.55728 10.93
36 4.36977 5.96761 12.175
37 4.49286 6.68799 13.65
38 4.61595 6.46494 15.155
39 4.73904 6.58178 16.77
40 4.86213 6.698 18.5
41 4.98523 7.29205 20.48
42 5.10832 8.64602 22.945
43 5.23141 8.19379 25.395
44 5.3545 8.22046 27.97
45 5.47759 7.24506 30.345
46 5.60069 6.91551 32.715
47 5.72378 7.75277 35.49
48 5.84687 7.88494 38.435
49 5.96996 7.96121 41.535
50 6.09305 7.81539 44.705
51 6.21615 7.18916 47.74
52 6.33924 7.84653 51.185
53 6.46233 7.69293 54.695
54 6.58542 7.36583 58.185
55 6.70851 7.29122 61.77
56 6.83161 7.09949 65.39
57 6.9547 7.64521 69.43
58 7.07779 7.47297 73.52
59 7.20088 8.24349 78.19
60 7.32397 8.29294 83.05
61 7.44707 8.23562 88.04
62 7.57016 8.36928 93.28
63 7.69325 7.91803 98.4
64 7.81634 7.97774 103.725
65 7.93943 7.97188 109.215
66 8.06253 8.32876 115.13
67 8.18562 8.37385 121.26
68 8.30871 8.80378 127.9
69 8.4318 8.4778 134.485
70 8.55489 8.21058 141.05
71 8.67799 7.90031 147.55
72 8.80108 7.59816 153.98
73 8.92417 7.79226 160.76
74 9.04726 8.0066 167.92
75 9.17035 7.88018 175.16
76 9.29345 8.19741 182.895
77 9.41654 7.97934 190.625
78 9.53963 8.18712 198.765
79 9.66272 7.50441 206.42
80 9.78581 7.71347 214.49
81 9.90891 8.14762 223.23
82 10.032 8.12625 232.165
83 10.1551 8.05915 241.245
84 10.2782 7.78929 250.235
85 10.4013 8.40977 260.175
86 10.5244 8.29684 270.215
87 10.6475 8.72781 281.025
88 10.7706 8.05209 291.23
89 10.8936 7.20783 300.575
90 11.0167 7.80183 310.92
91 11.1398 7.96597 321.72
92 11.2629 7.46449 332.065
93 11.386 8.06297 343.485
94 11.5091 8.40968 355.655
95 11.6322 8.39161 368.06
96 11.7553 7.81606 379.86
97 11.8784 7.93386 392.09
98 12.0015 8.11511 404.86
99 12.1246 8.34966 418.27
100 12.2477 7.99047 431.365
5500 100
1 0.061546 0 0
2 0.184638 0 0
3 0.30773 0 0
4 0.430822 0 0
5 0.553914 0 0
6 0.677006 0 0
7 0.800098 0 0
8 0.92319 0 0
9 1.04628 0 0
10 1.16937 0 0
11 1.29247 0 0
12 1.41556 0 0
13 1.53865 0 0
14 1.66174 0.496983 0.015
15 1.78483 3.5902 0.14
16 1.90793 5.90704 0.375
17 2.03102 6.10026 0.65
18 2.15411 3.54972 0.83
19 2.2772 2.47056 0.97
20 2.40029 2.85907 1.15
21 2.52339 2.0121 1.29
22 2.64648 2.41731 1.475
23 2.76957 2.44587 1.68
24 2.89266 2.78904 1.935
25 3.01575 3.47171 2.28
26 3.13885 5.57355 2.88
27 3.26194 4.85984 3.445
28 3.38503 4.83235 4.05
29 3.50812 4.64796 4.675
30 3.63121 5.55291 5.475
31 3.75431 5.61686 6.34
32 3.8774 5.11373 7.18
33 4.00049 6.54818 8.325
34 4.12358 6.94359 9.615
35 4.24667 7.86646 11.165
36 4.36977 6.08744 12.435
37 4.49286 7.00539 13.98
38 4.61595 6.76564 15.555
39 4.73904 7.07082 17.29
40 4.86213 6.9303 19.08
41 4.98523 7.34729 21.075
42 5.10832 7.08518 23.095
43 5.23141 7.87607 25.45
44 5.3545 7.24677 27.72
45 5.47759 6.84848 29.965
46 5.60069 7.44074 32.515
47 5.72378 6.80288 34.95
48 5.84687 6.2785 37.295
49 5.96996 6.74135 39.92
50 6.09305 7.16205 42.825
51 6.21615 7.07072 45.81
52 6.33924 7.49349 49.1
53 6.46233 7.15596 52.365
54 6.58542 7.6402 55.985
55 6.70851 7.47427 59.66
56 6.83161 7.30542 63.385
57 6.9547 8.06154 67.645
58 7.07779 7.97543 72.01
59 7.20088 8.11992 76.61
60 7.32397 8.22469 81.43
61 7.44707 7.83127 86.175
62 7.57016 8.08178 91.235
63 7.69325 8.35105 96.635
64 7.81634 8.43468 102.265
65 7.93943 8.11709 107.855
66 8.06253 7.9345 113.49
67 8.18562 7.85476 119.24
68 8.30871 7.57072 124.95
69 8.4318 7.87271 131.065
70 8.55489 8.31689 137.715
71 8.67799 8.18594 144.45
72 8.80108 8.54349 151.68
73 8.92417 7.87845 158.535
74 9.04726 8.0681 165.75
75 9.17035 8.2448 173.325
76 9.29345 7.68871 180.58
77 9.41654 7.47869 187.825
78 9.53963 7.44787 195.23
79 9.66272 7.63675 203.02
80 9.78581 7.74693 211.125
81 9.90891 7.47642 219.145
82 10.032 7.6033 227.505
83 10.1551 8.0414 236.565
84 10.2782 7.97558 245.77
85 10.4013 7.41989 254.54
86 10.5244 7.82994 264.015
87 10.6475 7.7105 273.565
88 10.7706 7.95741 283.65
89 10.8936 7.71303 293.65
90 11.0167 7.82068 304.02
91 11.1398 8.46753 315.5
92 11.2629 8.09946 326.725
93 11.386 8.76547 339.14
94 11.5091 8.3164 351.175
95 11.6322 7.88426 362.83
96 11.7553 8.06445 375.005
97 11.8784 7.63869 386.78
98 12.0015 8.01025 399.385
99 12.1246 7.62117 411.625
100 12.2477 7.50841 423.93
6000 100
1 0.061546 0 0
2 0.184638 0 0
3 0.30773 0 0
4 0.430822 0 0
5 0.553914 0 0
6 0.677006 0 0
7 0.800098 0 0
8 0.92319 0 0
9 1.04628 0 0
10 1.16937 0 0
11 1.29247 0 0
12 1.41556 0 0
13 1.53865 0.386425 0.01
14 1.66174 0.662644 0.03
15 1.78483 1.72329 0.09
16 1.90793 2.765 0.2
17 2.03102 2.32919 0.305
18 2.15411 3.35252 0.475
19 2.2772 4.32348 0.72
20 2.40029 2.06488 0.85
21 2.52339 2.29955 1.01
22 2.64648 2.28665 1.185
23 2.76957 1.96863 1.35
24 2.89266 2.67967 1.595
25 3.01575 4.42768 2.035
26 3.13885 5.29487 2.605
27 3.26194 5.67698 3.265
28 3.38503 5.67102 3.975
29 3.50812 6.46996 4.845
30 3.63121 5.96938 5.705
31 3.75431 5.55193 6.56
32 3.8774 4.74847 7.34
33 4.00049 5.11845 8.235
34 4.12358 5.43646 9.245
35 4.24667 6.82606 10.59
36 4.36977 6.18331 11.88
37 4.49286 6.756 13.37
38 4.61595 7.45294 15.105
39 4.73904 7.21346 16.875
40 4.86213 6.52377 18.56
41 4.98523 6.57389 20.345
42 5.10832 6.64674 22.24
43 5.23141 8.09345 24.66
44 5.3545 7.40639 26.98
45 5.47759 6.98576 29.27
46 5.60069 6.30275 31.43
47 5.72378 7.9623 34.28
48 5.84687 6.39898 36.67
49 5.96996 8.10246 39.825
50 6.09305 7.80306 42.99
51 6.21615 7.88794 46.32
52 6.33924 7.43655 49.585
53 6.46233 7.25459 52.895
54 6.58542 7.77739 56.58
55 6.70851 8.03357 60.53
56 6.83161 7.47212 64.34
57 6.9547 7.51275 68.31
58 7.07779 7.63741 72.49
59 7.20088 8.44649 77.275
60 7.32397 8.34413 82.165
61 7.44707 8.74725 87.465
62 7.57016 8.03387 92.495
63 7.69325 7.83297 97.56
64 7.81634 7.89534 102.83
65 7.93943 7.59434 108.06
66 8.06253 8.34284 113.985
67 8.18562 8.70854 120.36
68 8.30871 9.08884 127.215
69 8.4318 8.18169 133.57
70 8.55489 7.91043 139.895
71 8.67799 7.55999 146.115
72 8.80108 8.01765 152.9
73 8.92417 7.5624 159.48
74 9.04726 7.93391 166.575
75 9.17035 7.85297 173.79
76 9.29345 7.87947 181.225
77 9.41654 8.19095 189.16
78 9.53963 8.01614 197.13
79 9.66272 7.37206 204.65
80 9.78581 7.13042 212.11
81 9.90891 7.29463 219.935
82 10.032 7.27134 227.93
83 10.1551 7.91714 236.85
84 10.2782 8.08821 246.185
85 10.4013 8.39708 256.11
86 10.5244 8.37948 266.25
87 10.6475 8.05768 276.23
88 10.7706 8.15861 286.57
89 10.8936 8.12568 297.105
90 11.0167 8.02431 307.745
91 11.1398 8.15774 318.805
92 11.2629 8.05256 329.965
93 11.386 8.14416 341.5
94 11.5091 8.03999 353.135
95 11.6322 7.86397 364.76
96 11.7553 7.81937 376.565
97 11.8784 7.94683 388.815
98 12.0015 7.82596 401.13
99 12.1246 7.68966 413.48
100 12.2477 7.71283 426.12
6500 100
1 0.061546 0 0
2 0.184638 0 0
3 0.30773 0 0
4 0.430822 0 0
5 0.553914 0 0
6 0.677006 0 0
7 0.800098 0 0
8 0.92319 0 0
9 1.04628 0 0
10 1.16937 0 0
11 1.29247 0 0
12 1.41556 0 0
13 1.53865 0.193212 0.005
14 1.66174 0.993966 0.035
15 1.78483 0.718039 0.06
16 1.90793 3.39341 0.195
17 2.03102 2.88376 0.325
18 2.15411 1.97207 0.425
19 2.2772 2.20586 0.55
20 2.40029 3.17674 0.75
21 2.52339 2.29955 0.91
22 2.64648 2.74398 1.12
23 2.76957 2.62484 1.34
24 2.89266 3.22654 1.635
25 3.01575 3.1195 1.945
26 3.13885 5.06264 2.49
27 3.26194 5.50495 3.13
28 3.38503 6.38989 3.93
29 3.50812 6.58151 4.815
30 3.63121 6.59408 5.765
31 3.75431 7.04543 6.85
32 3.8774 6.63568 7.94
33 4.00049 6.43381 9.065
34 4.12358 7.05125 10.375
35 4.24667 5.55728 11.47
36 4.36977 7.02213 12.935
37 4.49286 6.5973 14.39
38 4.61595 7.10929 16.045
39 4.73904 7.0912 17.785
40 4.86213 6.05917 19.35
41 4.98523 7.08949 21.275
42 5.10832 6.31352 23.075
43 5.23141 6.67208 25.07
44 5.3545 6.64021 27.15
45 5.47759 6.97051 29.435
46 5.60069 8.14105 32.225
47 5.72378 7.48736 34.905
48 5.84687 6.78721 37.44
49 5.96996 7.48611 40.355
50 6.09305 8.22218 43.69
51 6.21615 7.3905 46.81
52 6.33924 7.42516 50.07
53 6.46233 7.83539 53.645
54 6.58542 8.34724 57.6
55 6.70851 7.95221 61.51
56 6.83161 8.34484 65.765
57 6.9547 8.17508 70.085
58 7.07779 8.03938 74.485
59 7.20088 8.06697 79.055
60 7.32397 8.13937 83.825
61 7.44707 8.48318 88.965
62 7.57016 7.64255 93.75
63 7.69325 8.54436 99.275
64 7.81634 8.00021 104.615
65 7.93943 8.04448 110.155
66 8.06253 8.12459 115.925
67 8.18562 8.05966 121.825
68 8.30871 8.20714 128.015
69 8.4318 7.84052 134.105
70 8.55489 7.88541 140.41
71 8.67799 7.55999 146.63
72 8.80108 8.3367 153.685
73 8.92417 8.18876 160.81
74 9.04726 8.10724 168.06
75 9.17035 8.05432 175.46
76 9.29345 8.06493 183.07
77 9.41654 8.12902 190.945
78 9.53963 8.04631 198.945
79 9.66272 8.0681 207.175
80 9.78581 8.07191 215.62
81 9.90891 7.79803 223.985
82 10.032 8.01711 232.8
83 10.1551 7.75737 241.54
84 10.2782 7.79362 250.535
85 10.4013 8.30402 260.35
86 10.5244 8.68937 270.865
87 10.6475 8.9902 282
88 10.7706 8.19017 292.38
89 10.8936 8.58846 303.515
90 11.0167 8.51451 314.805
91 11.1398 8.08767 325.77
92 11.2629 7.66292 336.39
93 11.386 7.97471 347.685
94 11.5091 7.82232 359.005
95 11.6322 7.69485 370.38
96 11.7553 7.97172 382.415
97 11.8784 7.9371 394.65
98 12.0015 7.99437 407.23
99 12.1246 8.25627 420.49
100 12.2477 8.39929 434.255
7000 100
1 0.061546 0 0
2 0.184638 0 0
3 0.30773 0 0
4 0.430822 0 0
5 0.553914 0 0
6 0.677006 0 0
7 0.800098 0 0
8 0.92319 0 0
9 1.04628 0 0
10 1.16937 0 0
11 1.29247 0 0
12 1.41556 0 0
13 1.53865 0 0
14 1.66174 0.331322 0.01
15 1.78483 2.44133 0.095
16 1.90793 3.64477 0.24
17 2.03102 3.88198 0.415
18 2.15411 3.05671 0.57
19 2.2772 2.47056 0.71
20 2.40029 2.30314 0.855
21 2.52339 3.3056 1.085
22 2.64648 3.07064 1.32
23 2.76957 2.38622 1.52
24 2.89266 3.00779 1.795
25 3.01575 3.06919 2.1
26 3.13885 4.87685 2.625
27 3.26194 4.77382 3.18
28 3.38503 6.31001 3.97
29 3.50812 6.84179 4.89
30 3.63121 7.70467 6
31 3.75431 6.85063 7.055
32 3.8774 7.39665 8.27
33 4.00049 6.80554 9.46
34 4.12358 6.5399 10.675
35 4.24667 7.61271 12.175
36 4.36977 6.51883 13.535
37 4.49286 6.73333 15.02
38 4.61595 7.75364 16.825
39 4.73904 6.50027 18.42
40 4.86213 6.73672 20.16
41 4.98523 6.79486 22.005
42 5.10832 7.54115 24.155
43 5.23141 6.25403 26.025
44 5.3545 7.16696 28.27
45 5.47759 7.03152 30.575
46 5.60069 6.82798 32.915
47 5.72378 7.78071 35.7
48 5.84687 7.26914 38.415
49 5.96996 7.25498 41.24
50 6.09305 7.64281 44.34
51 6.21615 8.38538 47.88
52 6.33924 7.11768 51.005
53 6.46233 8.06552 54.685
54 6.58542 7.83015 58.395
55 6.70851 8.32847 62.49
56 6.83161 8.28601 66.715
57 6.9547 8.40216 71.155
58 7.07779 8.70628 75.92
59 7.20088 7.88162 80.385
60 7.32397 7.91754 85.025
61 7.44707 7.68273 89.68
62 7.57016 8.00192 94.69
63 7.69325 8.57529 100.235
64 7.81634 7.83541 105.465
65 7.93943 8.47284 111.3
66 8.06253 8.4414 117.295
67 8.18562 8.38752 123.435
68 8.30871 8.36624 129.745
69 8.4318 8.27825 136.175
70 8.55489 8.37942 142.875
71 8.67799 7.73015 149.235
72 8.80108 8.20081 156.175
73 8.92417 8.40713 163.49
74 9.04726 7.69908 170.375
75 9.17035 8.28833 177.99
76 9.29345 7.70461 185.26
77 9.41654 7.28257 192.315
78 9.53963 7.4529 199.725
79 9.66272 7.53382 207.41
80 9.78581 8.01456 215.795
81 9.90891 7.68617 224.04
82 10.032 7.91707 232.745
83 10.1551 7.87719 241.62
84 10.2782 8.49544 251.425
85 10.4013 8.58321 261.57
86 10.5244 8.67698 272.07
87 10.6475 7.9285 281.89
88 10.7706 8.43477 292.58
89 10.8936 8.19896 303.21
90 11.0167 8.15628 314.025
91 11.1398 8.44171 325.47
92 11.2629 8.18966 336.82
93 11.386 8.20064 348.435
94 11.5091 7.93979 359.925
95 11.6322 8.03985 371.81
96 11.7553 8.23667 384.245
97 11.8784 8.50798 397.36
98 12.0015 8.0738 410.065
99 12.1246 8.12551 423.115
100 12.2477 8.1064 436.4
7500 100
1 0.061546 0 0
2 0.184638 0 0
3 0.30773 0 0
4 0.430822 0 0
5 0.553914 0 0
6 0.677006 0 0
7 0.800098 0 0
8 0.92319 0 0
9 1.04628 0 0
10 1.16937 0 0
11 1.29247 0 0
12 1.41556 0 0
13 1.53865 0 0
14 1.66174 0.165661 0.005
15 1.78483 1.8669 0.07
16 1.90793 3.89614 0.225
17 2.03102 3.2165 0.37
18 2.15411 2.16928 0.48
19 2.2772 1.49998 0.565
20 2.40029 1.50895 0.66
21 2.52339 2.15583 0.81
22 2.64648 3.26664 1.06
23 2.76957 3.69864 1.37
24 2.89266 5.9609 1.915
25 3.01575 7.34593 2.645
26 3.13885 7.3385 3.435
27 3.26194 7.78434 4.34
28 3.38503 6.949 5.21
29 3.50812 5.2429 5.915
30 3.63121 6.03879 6.785
31 3.75431 4.99998 7.555
32 3.8774 6.81831 8.675
33 4.00049 7.549 9.995
34 4.12358 7.5626 11.4
35 4.24667 6.85144 12.75
36 4.36977 5.84778 13.97
37 4.49286 6.16655 15.33
38 4.61595 6.05686 16.74
39 4.73904 6.62253 18.365
40 4.86213 6.29147 19.99
41 4.98523 6.27926 21.695
42 5.10832 7.0501 23.705
43 5.23141 6.72225 25.715
44 5.3545 7.31062 28.005
45 5.47759 7.64163 30.51
46 5.60069 6.56536 32.76
47 5.72378 7.23592 35.35
48 5.84687 7.26914 38.065
49 5.96996 7.46043 40.97
50 6.09305 8.07426 44.245
51 6.21615 8.75254 47.94
52 6.33924 7.8693 51.395
53 6.46233 7.37513 54.76
54 6.58542 7.79849 58.455
55 6.70851 8.17593 62.475
56 6.83161 7.99183 66.55
57 6.9547 7.7966 70.67
58 7.07779 8.42308 75.28
59 7.20088 8.7907 80.26
60 7.32397 9.33382 85.73
61 7.44707 8.7225 91.015
62 7.57016 8.28143 96.2
63 7.69325 8.21959 101.515
64 7.81634 8.15752 106.96
65 7.93943 7.6742 112.245
66 8.06253 7.76553 117.76
67 8.18562 7.51325 123.26
68 8.30871 7.89556 129.215
69 8.4318 8.41343 135.75
70 8.55489 8.78589 142.775
71 8.67799 8.12517 149.46
72 8.80108 7.91721 156.16
73 8.92417 9.07947 164.06
74 9.04726 8.78378 171.915
75 9.17035 7.94004 179.21
76 9.29345 7.86887 186.635
77 9.41654 7.82966 194.22
78 9.53963 7.94071 202.115
79 9.66272 7.52892 209.795
80 9.78581 7.99066 218.155
81 9.90891 8.4366 227.205
82 10.032 8.08078 236.09
83 10.1551 7.69524 244.76
84 10.2782 7.82395 253.79
85 10.4013 7.69909 262.89
86 10.5244 7.70598 272.215
87 10.6475 8.0819 282.225
88 10.7706 8.22173 292.645
89 10.8936 8.42649 303.57
90 11.0167 8.46172 314.79
91 11.1398 8.4159 326.2
92 11.2629 8.00205 337.29
93 11.386 8.09827 348.76
94 11.5091 8.17474 360.59
95 11.6322 8.42206 373.04
96 11.7553 8.05451 385.2
97 11.8784 8.10252 397.69
98 12.0015 8.45827 411
99 12.1246 8.15042 424.09
100 12.2477 8.17047 437.48
8000 100
1 0.061546 0 0
2 0.184638 0 0
3 0.30773 0 0
4 0.430822 0 0
5 0.553914 0 0
6 0.677006 0 0
7 0.800098 0 0
8 0.92319 0 0
9 1.04628 0 0
10 1.16937 0 0
11 1.29247 0 0
12 1.41556 0 0
13 1.53865 0 0
14 1.66174 1.49095 0.045
15 1.78483 4.16463 0.19
16 1.90793 4.52455 0.37
17 2.03102 4.43655 0.57
18 2.15411 2.66229 0.705
19 2.2772 1.23528 0.775
20 2.40029 1.50895 0.87
21 2.52339 1.72466 0.99
22 2.64648 2.48265 1.18
23 2.76957 3.04243 1.435
24 2.89266 4.75778 1.87
25 3.01575 6.84278 2.55
26 3.13885 6.36313 3.235
27 3.26194 6.58013 4
28 3.38503 6.07039 4.76
29 3.50812 6.39559 5.62
30 3.63121 5.96938 6.48
31 3.75431 5.45453 7.32
32 3.8774 7.64016 8.575
33 4.00049 7.20586 9.835
34 4.12358 6.27076 11
35 4.24667 6.95294 12.37
36 4.36977 6.44693 13.715
37 4.49286 6.37059 15.12
38 4.61595 6.18573 16.56
39 4.73904 5.8482 17.995
40 4.86213 7.12388 19.835
41 4.98523 6.59231 21.625
42 5.10832 7.27809 23.7
43 5.23141 8.29412 26.18
44 5.3545 7.67775 28.585
45 5.47759 6.86374 30.835
46 5.60069 6.94469 33.215
47 5.72378 8.25565 36.17
48 5.84687 8.43381 39.32
49 5.96996 7.56315 42.265
50 6.09305 7.22369 45.195
51 6.21615 7.80504 48.49
52 6.33924 7.91486 51.965
53 6.46233 7.24363 55.27
54 6.58542 7.11256 58.64
55 6.70851 7.82001 62.485
56 6.83161 7.59959 66.36
57 6.9547 8.25077 70.72
58 7.07779 7.70136 74.935
59 7.20088 8.86131 79.955
60 7.32397 8.42945 84.895
61 7.44707 8.66473 90.145
62 7.57016 8.28143 95.33
63 7.69325 7.5546 100.215
64 7.81634 7.80545 105.425
65 7.93943 7.89927 110.865
66 8.06253 7.71624 116.345
67 8.18562 8.20993 122.355
68 8.30871 8.01488 128.4
69 8.4318 8.38125 134.91
70 8.55489 8.26686 141.52
71 8.67799 8.02186 148.12
72 8.80108 8.35443 155.19
73 8.92417 8.70595 162.765
74 9.04726 8.05133 169.965
75 9.17035 8.00534 177.32
76 9.29345 7.87947 184.755
77 9.41654 7.67482 192.19
78 9.53963 7.80995 199.955
79 9.66272 7.33775 207.44
80 9.78581 7.67524 215.47
81 9.90891 7.71413 223.745
82 10.032 8.10806 232.66
83 10.1551 8.70264 242.465
84 10.2782 8.6384 252.435
85 10.4013 7.96983 261.855
86 10.5244 7.90845 271.425
87 10.6475 7.60958 280.85
88 10.7706 7.4327 290.27
89 10.8936 7.64747 300.185
90 11.0167 8.50697 311.465
91 11.1398 8.41221 322.87
92 11.2629 8.44581 334.575
93 11.386 8.14416 346.11
94 11.5091 7.64611 357.175
95 11.6322 8.23603 369.35
96 11.7553 8.50162 382.185
97 11.8784 8.20956 394.84
98 12.0015 7.7084 406.97
99 12.1246 8.16287 420.08
100 12.2477 8.18878 433.5
8500 100
1 0.061546 0 0
2 0.184638 0 0
3 0.30773 0 0
4 0.430822 0 0
5 0.553914 0 0
6 0.677006 0 0
7 0.800098 0 0
8 0.92319 0 0
9 1.04628 0 0
10 1.16937 0 0
11 1.29247 0 0
12 1.41556 0 0
13 1.53865 0 0
14 1.66174 1.15963 0.035
15 1.78483 4.45184 0.19
16 1.90793 5.90704 0.425
17 2.03102 3.66016 0.59
18 2.15411 3.54972 0.77
19 2.2772 1.85292 0.875
20 2.40029 1.50895 0.97
21 2.52339 0.79047 1.025
22 2.64648 1.04532 1.105
23 2.76957 1.67035 1.245
24 2.89266 4.04685 1.615
25 3.01575 4.93083 2.105
26 3.13885 6.22379 2.775
27 3.26194 6.79517 3.565
28 3.38503 5.71096 4.28
29 3.50812 6.32122 5.13
30 3.63121 5.27527 5.89
31 3.75431 6.62335 6.91
32 3.8774 6.42261 7.965
33 4.00049 6.40521 9.085
34 4.12358 6.02855 10.205
35 4.24667 6.49618 11.485
36 4.36977 6.8304 12.91
37 4.49286 7.52682 14.57
38 4.61595 6.93746 16.185
39 4.73904 6.90781 17.88
40 4.86213 6.67864 19.605
41 4.98523 6.88693 21.475
42 5.10832 7.27809 23.55
43 5.23141 7.40785 25.765
44 5.3545 7.80544 28.21
45 5.47759 7.56536 30.69
46 5.60069 7.63041 33.305
47 5.72378 7.50133 35.99
48 5.84687 7.33607 38.73
49 5.96996 6.71567 41.345
50 6.09305 6.49639 43.98
51 6.21615 7.24838 47.04
52 6.33924 7.76681 50.45
53 6.46233 7.83539 54.025
54 6.58542 8.21005 57.915
55 6.70851 8.25728 61.975
56 6.83161 8.55077 66.335
57 6.9547 8.72387 70.945
58 7.07779 7.80185 75.215
59 7.20088 7.85514 79.665
60 7.32397 8.74513 84.79
61 7.44707 8.09533 89.695
62 7.57016 7.97796 94.69
63 7.69325 8.4361 100.145
64 7.81634 8.73431 105.975
65 7.93943 8.05174 111.52
66 8.06253 8.28651 117.405
67 8.18562 7.92306 123.205
68 8.30871 7.97511 129.22
69 8.4318 8.83185 136.08
70 8.55489 8.25436 142.68
71 8.67799 7.82131 149.115
72 8.80108 8.12991 155.995
73 8.92417 8.09682 163.04
74 9.04726 8.02337 170.215
75 9.17035 7.98358 177.55
76 9.29345 7.94306 185.045
77 9.41654 7.93805 192.735
78 9.53963 8.38828 201.075
79 9.66272 8.13672 209.375
80 9.78581 8.19138 217.945
81 9.90891 7.89125 226.41
82 10.032 7.82157 235.01
83 10.1551 7.50441 243.465
84 10.2782 8.04922 252.755
85 10.4013 8.21095 262.46
86 10.5244 7.83407 271.94
87 10.6475 7.71454 281.495
88 10.7706 7.86272 291.46
89 10.8936 7.96756 301.79
90 11.0167 8.16006 312.61
91 11.1398 7.97703 323.425
92 11.2629 7.95154 334.445
93 11.386 8.08415 345.895
94 11.5091 8.29221 357.895
95 11.6322 8.02294 369.755
96 11.7553 8.13731 382.04
97 11.8784 8.17064 394.635
98 12.0015 8.11193 407.4
99 12.1246 8.14108 420.475
100 12.2477 8.28336 434.05
9000 100
1 0.061546 0 0
2 0.184638 0 0
3 0.30773 0 0
4 0.430822 0 0
5 0.553914 0 0
6 0.677006 0 0
7 0.800098 0 0
8 0.92319 0 0
9 1.04628 0 0
10 1.16937 0 0
11 1.29247 0 0
12 1.41556 0 0
13 1.53865 0 0
14 1.66174 0.662644 0.02
15 1.78483 4.88267 0.19
16 1.90793 4.1475 0.355
17 2.03102 3.43833 0.51
18 2.15411 2.8595 0.655
19 2.2772 2.02939 0.77
20 2.40029 1.74721 0.88
21 2.52339 2.37141 1.045
22 2.64648 1.89465 1.19
23 2.76957 3.10208 1.45
24 2.89266 4.81247 1.89
25 3.01575 4.88052 2.375
26 3.13885 5.38776 2.955
27 3.26194 5.97803 3.65
28 3.38503 6.90907 4.515
29 3.50812 5.98657 5.32
30 3.63121 6.73291 6.29
31 3.75431 6.72076 7.325
32 3.8774 7.2749 8.52
33 4.00049 6.40521 9.64
34 4.12358 6.02855 10.76
35 4.24667 7.35895 12.21
36 4.36977 7.11799 13.695
37 4.49286 6.55196 15.14
38 4.61595 6.05686 16.55
39 4.73904 5.52217 17.905
40 4.86213 6.09789 19.48
41 4.98523 7.71558 21.575
42 5.10832 8.38295 23.965
43 5.23141 7.40785 26.18
44 5.3545 7.26273 28.455
45 5.47759 7.58062 30.94
46 5.60069 7.2219 33.415
47 5.72378 6.64922 35.795
48 5.84687 6.86753 38.36
49 5.96996 7.80713 41.4
50 6.09305 8.00029 44.645
51 6.21615 8.69332 48.315
52 6.33924 9.37256 52.43
53 6.46233 8.93125 56.505
54 6.58542 9.31809 60.92
55 6.70851 7.8912 64.8
56 6.83161 7.33483 68.54
57 6.9547 7.72091 72.62
58 7.07779 6.97051 76.435
59 7.20088 7.52858 80.7
60 7.32397 8.07111 85.43
61 7.44707 8.99482 90.88
62 7.57016 9.2637 96.68
63 7.69325 8.7918 102.365
64 7.81634 8.39722 107.97
65 7.93943 8.13161 113.57
66 8.06253 8.42028 119.55
67 8.18562 7.58838 125.105
68 8.30871 7.51105 130.77
69 8.4318 7.94352 136.94
70 8.55489 8.1543 143.46
71 8.67799 8.0644 150.095
72 8.80108 7.57452 156.505
73 8.92417 7.59113 163.11
74 9.04726 8.45389 170.67
75 9.17035 8.77812 178.735
76 9.29345 8.81738 187.055
77 9.41654 8.1445 194.945
78 9.53963 8.04631 202.945
79 9.66272 7.81321 210.915
80 9.78581 7.69914 218.97
81 9.90891 7.99846 227.55
82 10.032 8.07623 236.43
83 10.1551 8.02364 245.47
84 10.2782 8.41313 255.18
85 10.4013 7.86407 264.475
86 10.5244 8.09438 274.27
87 10.6475 8.67533 285.015
88 10.7706 8.46239 295.74
89 10.8936 8.48048 306.735
90 11.0167 8.6201 318.165
91 11.1398 8.40483 329.56
92 11.2629 7.75312 340.305
93 11.386 7.43106 350.83
94 11.5091 7.85687 362.2
95 11.6322 7.89779 373.875
96 11.7553 7.86242 385.745
97 11.8784 7.51219 397.325
98 12.0015 7.90222 409.76
99 12.1246 7.75504 422.215
100 12.2477 8.09725 435.485
9500 100
1 0.061546 0 0
2 0.184638 0 0
3 0.30773 0 0
4 0.430822 0 0
5 0.553914 0 0
6 0.677006 0 0
7 0.800098 0 0
8 0.92319 0 0
9 1.04628 0 0
10 1.16937 0 0
11 1.29247 0 0
12 1.41556 0 0
13 1.53865 0 0
14 1.66174 1.15963 0.035
15 1.78483 1.43608 0.085
16 1.90793 5.65568 0.31
17 2.03102 6.21117 0.59
18 2.15411 2.9581 0.74
19 2.2772 2.20586 0.865
20 2.40029 1.19128 0.94
21 2.52339 1.6528 1.055
22 2.64648 2.74398 1.265
23 2.76957 4.29519 1.625
24 2.89266 4.81247 2.065
25 3.01575 5.98744 2.66
26 3.13885 6.36313 3.345
27 3.26194 7.13923 4.175
28 3.38503 7.82761 5.155
29 3.50812 7.54828 6.17
30 3.63121 7.07996 7.19
31 3.75431 5.94154 8.105
32 3.8774 6.45305 9.165
33 4.00049 6.66256 10.33
34 4.12358 6.88977 11.61
35 4.24667 7.46045 13.08
36 4.36977 6.399 14.415
37 4.49286 6.66532 15.885
38 4.61595 7.25964 17.575
39 4.73904 6.43914 19.155
40 4.86213 6.60121 20.86
41 4.98523 7.12632 22.795
42 5.10832 6.68181 24.7
43 5.23141 6.73897 26.715
44 5.3545 6.6881 28.81
45 5.47759 6.81798 31.045
46 5.60069 7.60123 33.65
47 5.72378 7.41751 36.305
48 5.84687 7.14866 38.975
49 5.96996 8.84722 42.42
50 6.09305 9.29464 46.19
51 6.21615 7.99454 49.565
52 6.33924 7.61876 52.91
53 6.46233 8.05456 56.585
54 6.58542 8.06231 60.405
55 6.70851 7.58613 64.135
56 6.83161 7.9428 68.185
57 6.9547 7.93853 72.38
58 7.07779 8.13987 76.835
59 7.20088 8.42883 81.61
60 7.32397 8.31 86.48
61 7.44707 7.64147 91.11
62 7.57016 8.2974 96.305
63 7.69325 8.04948 101.51
64 7.81634 7.42341 106.465
65 7.93943 7.84845 111.87
66 8.06253 8.10346 117.625
67 8.18562 8.7222 124.01
68 8.30871 8.28006 130.255
69 8.4318 7.9242 136.41
70 8.55489 8.26686 143.02
71 8.67799 8.62957 150.12
72 8.80108 8.32489 157.165
73 8.92417 8.03361 164.155
74 9.04726 7.59844 170.95
75 9.17035 7.56998 177.905
76 9.29345 7.90067 185.36
77 9.41654 8.28901 193.39
78 9.53963 8.79563 202.135
79 9.66272 8.073 210.37
80 9.78581 8.0958 218.84
81 9.90891 8.53915 228
82 10.032 7.86705 236.65
83 10.1551 8.21003 245.9
84 10.2782 7.92792 255.05
85 10.4013 7.99098 264.495
86 10.5244 8.00348 274.18
87 10.6475 8.07383 284.18
88 10.7706 8.13888 294.495
89 10.8936 8.03698 304.915
90 11.0167 7.80183 315.26
91 11.1398 7.9881 326.09
92 11.2629 7.89743 337.035
93 11.386 8.14063 348.565
94 11.5091 8.0469 360.21
95 11.6322 8.07706 372.15
96 11.7553 7.95184 384.155
97 11.8784 7.99873 396.485
98 12.0015 7.47327 408.245
99 12.1246 8.10372 421.26
100 12.2477 8.57625 435.315
10000 100
1 0.061546 0 0
2 0.184638 0 0
3 0.30773 0 0
4 0.430822 0 0
5 0.553914 0 0
6 0.677006 0 0
7 0.800098 0 0
8 0.92319 0 0
9 1.04628 0 0
10 1.16937 0 0
11 1.29247 0 0
12 1.41556 0 0
13 1.53865 0 0
14 1.66174 0.828305 0.025
15 1.78483 1.43608 0.075
16 1.90793 4.1475 0.24
17 2.03102 4.88021 0.46
18 2.15411 3.74693 0.65
19 2.2772 2.55879 0.795
20 2.40029 2.70023 0.965
21 2.52339 2.65885 1.15
22 2.64648 1.82932 1.29
23 2.76957 3.22139 1.56
24 2.89266 5.0859 2.025
25 3.01575 5.38366 2.56
26 3.13885 7.10627 3.325
27 3.26194 6.49412 4.08
28 3.38503 6.07039 4.84
29 3.50812 6.17249 5.67
30 3.63121 5.93467 6.525
31 3.75431 5.94154 7.44
32 3.8774 6.84875 8.565
33 4.00049 6.06207 9.625
34 4.12358 7.02433 10.93
35 4.24667 7.56196 12.42
36 4.36977 7.11799 13.905
37 4.49286 7.39079 15.535
38 4.61595 6.78712 17.115
39 4.73904 7.23384 18.89
40 4.86213 6.62057 20.6
41 4.98523 6.20561 22.285
42 5.10832 5.57694 23.875
43 5.23141 7.32424 26.065
44 5.3545 7.29466 28.35
45 5.47759 6.98576 30.64
46 5.60069 6.6529 32.92
47 5.72378 7.69689 35.675
48 5.84687 7.89833 38.625
49 5.96996 8.56472 41.96
50 6.09305 8.49338 45.405
51 6.21615 8.87097 49.15
52 6.33924 8.88286 53.05
53 6.46233 8.29565 56.835
54 6.58542 7.51357 60.395
55 6.70851 7.64714 64.155
56 6.83161 8.35465 68.415
57 6.9547 8.37378 72.84
58 7.07779 7.81099 77.115
59 7.20088 7.63449 81.44
60 7.32397 7.63599 85.915
61 7.44707 7.34439 90.365
62 7.57016 7.85818 95.285
63 7.69325 7.72472 100.28
64 7.81634 8.52457 105.97
65 7.93943 8.26229 111.66
66 8.06253 8.34284 117.585
67 8.18562 7.85476 123.335
68 8.30871 7.92207 129.31
69 8.4318 7.94995 135.485
70 8.55489 7.55399 141.525
71 8.67799 8.16163 148.24
72 8.80108 8.58485 155.505
73 8.92417 8.10257 162.555
74 9.04726 8.33648 170.01
75 9.17035 8.2067 177.55
76 9.29345 8.28749 185.37
77 9.41654 8.52127 193.625
78 9.53963 8.57938 202.155
79 9.66272 9.12195 211.46
80 9.78581 8.57849 220.435
81 9.90891 8.15694 229.185
82 10.032 7.88979 237.86
83 10.1551 8.06802 246.95
84 10.2782 8.36981 256.61
85 10.4013 7.80908 265.84
86 10.5244 7.97869 275.495
87 10.6475 7.75087 285.095
88 10.7706 7.92584 295.14
89 10.8936 8.07555 305.61
90 11.0167 8.34105 316.67
91 11.1398 8.08767 327.635
92 11.2629 7.75672 338.385
93 11.386 7.6817 349.265
94 11.5091 7.78777 360.535
95 11.6322 7.96882 372.315
96 11.7553 7.7995 384.09
97 11.8784 8.06036 396.515
98 12.0015 8.30893 409.59
99 12.1246 8.52089 423.275
100 12.2477 8.21624 436.74
10500 100
1 0.061546 0 0
2 0.184638 0 0
3 0.30773 0 0
4 0.430822 0 0
5 0.553914 0 0
6 0.677006 0 0
7 0.800098 0 0
8 0.92319 0 0
9 1.04628 0 0
10 1.16937 0 0
11 1.29247 0 0
12 1.41556 0 0
13 1.53865 0 0
14 1.66174 1.49095 0.045
15 1.78483 3.5902 0.17
16 1.90793 4.90159 0.365
17 2.03102 2.55102 0.48
18 2.15411 3.25391 0.645
19 2.2772 2.38232 0.78
20 2.40029 2.62081 0.945
21 2.52339 2.73071 1.135
22 2.64648 3.26664 1.385
23 2.76957 3.04243 1.64
24 2.89266 4.53903 2.055
25 3.01575 5.93712 2.645
26 3.13885 6.7347 3.37
27 3.26194 6.10705 4.08
28 3.38503 6.1902 4.855
29 3.50812 6.73024 5.76
30 3.63121 5.83056 6.6
31 3.75431 5.7792 7.49
32 3.8774 7.15314 8.665
33 4.00049 7.46321 9.97
34 4.12358 6.5399 11.185
35 4.24667 5.73491 12.315
36 4.36977 6.6147 13.695
37 4.49286 6.96004 15.23
38 4.61595 6.27164 16.69
39 4.73904 6.19461 18.21
40 4.86213 4.91703 19.48
41 4.98523 5.65318 21.015
42 5.10832 7.20794 23.07
43 5.23141 7.64196 25.355
44 5.3545 8.14065 27.905
45 5.47759 7.90092 30.495
46 5.60069 7.98056 33.23
47 5.72378 8.5909 36.305
48 5.84687 6.65334 38.79
49 5.96996 7.62736 41.76
50 6.09305 7.8647 44.95
51 6.21615 8.23141 48.425
52 6.33924 7.81236 51.855
53 6.46233 7.73676 55.385
54 6.58542 7.71407 59.04
55 6.70851 7.72849 62.84
56 6.83161 7.64862 66.74
57 6.9547 8.34539 71.15
58 7.07779 8.25863 75.67
59 7.20088 7.92575 80.16
60 7.32397 8.54036 85.165
61 7.44707 8.18611 90.125
62 7.57016 8.16963 95.24
63 7.69325 8.28919 100.6
64 7.81634 7.97774 105.925
65 7.93943 7.72503 111.245
66 8.06253 7.38535 116.49
67 8.18562 8.14846 122.455
68 8.30871 7.72982 128.285
69 8.4318 8.50999 134.895
70 8.55489 8.1418 141.405
71 8.67799 7.90031 147.905
72 8.80108 7.88176 154.575
73 8.92417 8.14854 161.665
74 9.04726 8.52099 169.285
75 9.17035 8.39718 177
76 9.29345 7.93246 184.485
77 9.41654 8.0774 192.31
78 9.53963 8.00608 200.27
79 9.66272 8.17593 208.61
80 9.78581 8.02411 217.005
81 9.90891 7.87727 225.455
82 10.032 7.92617 234.17
83 10.1551 8.9334 244.235
84 10.2782 8.49111 254.035
85 10.4013 8.28287 263.825
86 10.5244 7.45394 272.845
87 10.6475 8.09401 282.87
88 10.7706 7.69702 292.625
89 10.8936 7.87886 302.84
90 11.0167 8.02808 313.485
91 11.1398 7.94753 324.26
92 11.2629 7.7459 334.995
93 11.386 8.15828 346.55
94 11.5091 8.40968 358.72
95 11.6322 8.22588 370.88
96 11.7553 8.15718 383.195
97 11.8784 7.93061 395.42
98 12.0015 7.7783 407.66
99 12.1246 7.9574 420.44
100 12.2477 7.88368 433.36
11000 100
1 0.061546 0 0
2 0.184638 0 0
3 0.30773 0 0
4 0.430822 0 0
5 0.553914 0 0
6 0.677006 0 0
7 0.800098 0 0
8 0.92319 0 0
9 1.04628 0 0
10 1.16937 0 0
11 1.29247 0 0
12 1.41556 0 0
13 1.53865 0 0
14 1.66174 0.496983 0.015
15 1.78483 1.72329 0.075
16 1.90793 1.88523 0.15
17 2.03102 3.54924 0.31
18 2.15411 2.7609 0.45
19 2.2772 2.73526 0.605
20 2.40029 1.74721 0.715
21 2.52339 2.08397 0.86
22 2.64648 2.93998 1.085
23 2.76957 3.51967 1.38
24 2.89266 3.49998 1.7
25 3.01575 5.1824 2.215
26 3.13885 5.94512 2.855
27 3.26194 6.23607 3.58
28 3.38503 6.70938 4.42
29 3.50812 5.80065 5.2
30 3.63121 6.35114 6.115
31 3.75431 5.12985 6.905
32 3.8774 6.48348 7.97
33 4.00049 5.83332 8.99
34 4.12358 5.81324 10.07
35 4.24667 5.98866 11.25
36 4.36977 6.80643 12.67
37 4.49286 6.86936 14.185
38 4.61595 5.97094 15.575
39 4.73904 6.13348 17.08
40 4.86213 7.43362 19
41 4.98523 6.64755 20.805
42 5.10832 7.40085 22.915
43 5.23141 6.48814 24.855
44 5.3545 7.31062 27.145
45 5.47759 7.00101 29.44
46 5.60069 7.44074 31.99
47 5.72378 7.50133 34.675
48 5.84687 7.17543 37.355
49 5.96996 7.15225 40.14
50 6.09305 7.16205 43.045
51 6.21615 8.40907 46.595
52 6.33924 8.54121 50.345
53 6.46233 7.50663 53.77
54 6.58542 7.2603 57.21
55 6.70851 7.72849 61.01
56 6.83161 8.57038 65.38
57 6.9547 8.8658 70.065
58 7.07779 8.44135 74.685
59 7.20088 8.78187 79.66
60 7.32397 8.00286 84.35
61 7.44707 7.66622 88.995
62 7.57016 8.1856 94.12
63 7.69325 7.94896 99.26
64 7.81634 7.61818 104.345
65 7.93943 7.92106 109.8
66 8.06253 7.31494 114.995
67 8.18562 8.66072 121.335
68 8.30871 8.1541 127.485
69 8.4318 8.09157 133.77
70 8.55489 7.84164 140.04
71 8.67799 8.10694 146.71
72 8.80108 7.75177 153.27
73 8.92417 8.39564 160.575
74 9.04726 8.59367 168.26
75 9.17035 8.40806 175.985
76 9.29345 8.15502 183.68
77 9.41654 8.11353 191.54
78 9.53963 7.991 199.485
79 9.66272 8.86706 208.53
80 9.78581 8.00978 216.91
81 9.90891 7.91456 225.4
82 10.032 8.41729 234.655
83 10.1551 8.25885 243.96
84 10.2782 7.88027 253.055
85 10.4013 7.87253 262.36
86 10.5244 8.06546 272.12
87 10.6475 7.7428 281.71
88 10.7706 7.52738 291.25
89 10.8936 7.95985 301.57
90 11.0167 8.31466 312.595
91 11.1398 8.30157 323.85
92 11.2629 8.07782 335.045
93 11.386 8.1018 346.52
94 11.5091 8.05035 358.17
95 11.6322 7.91809 369.875
96 11.7553 8.10419 382.11
97 11.8784 8.68313 395.495
98 12.0015 8.33753 408.615
99 12.1246 8.20023 421.785
100 12.2477 7.84402 434.64
11500 100
1 0.061546 0 0
2 0.184638 0 0
3 0.30773 0 0
4 0.430822 0 0
5 0.553914 0 0
6 0.677006 0 0
7 0.800098 0 0
8 0.92319 0 0
9 1.04628 0 0
10 1.16937 0 0
11 1.29247 0 0
12 1.41556 0 0
13 1.53865 0 0
14 1.66174 0 0
15 1.78483 1.72329 0.06
16 1.90793 3.89614 0.215
17 2.03102 2.21828 0.315
18 2.15411 2.46509 0.44
19 2.2772 2.38232 0.575
20 2.40029 3.01791 0.765
21 2.52339 2.73071 0.955
22 2.64648 3.52797 1.225
23 2.76957 4.59347 1.61
24 2.89266 4.81247 2.05
25 3.01575 5.88681 2.635
26 3.13885 5.71289 3.25
27 3.26194 6.06404 3.955
28 3.38503 6.07039 4.715
29 3.50812 6.39559 5.575
30 3.63121 6.73291 6.545
31 3.75431 6.91556 7.61
32 3.8774 6.51392 8.68
33 4.00049 7.12008 9.925
34 4.12358 6.78211 11.185
35 4.24667 6.21704 12.41
36 4.36977 6.35107 13.735
37 4.49286 5.39573 14.925
38 4.61595 5.90651 16.3
39 4.73904 6.80592 17.97
40 4.86213 6.63992 19.685
41 4.98523 7.01583 21.59
42 5.10832 6.45382 23.43
43 5.23141 6.43797 25.355
44 5.3545 6.16135 27.285
45 5.47759 7.44334 29.725
46 5.60069 7.98056 32.46
47 5.72378 7.99024 35.32
48 5.84687 8.38026 38.45
49 5.96996 8.02542 41.575
50 6.09305 8.87552 45.175
51 6.21615 8.51566 48.77
52 6.33924 8.52983 52.515
53 6.46233 7.87923 56.11
54 6.58542 7.57688 59.7
55 6.70851 7.63697 63.455
56 6.83161 7.92319 67.495
57 6.9547 7.57898 71.5
58 7.07779 8.05765 75.91
59 7.20088 8.25231 80.585
60 7.32397 8.43798 85.53
61 7.44707 7.87253 90.3
62 7.57016 8.00991 95.315
63 7.69325 8.47477 100.795
64 7.81634 7.58072 105.855
65 7.93943 8.02996 111.385
66 8.06253 7.46983 116.69
67 8.18562 7.64985 122.29
68 8.30871 7.51105 127.955
69 8.4318 7.24186 133.58
70 8.55489 7.58525 139.645
71 8.67799 7.86385 146.115
72 8.80108 8.67348 153.455
73 8.92417 8.71744 161.04
74 9.04726 8.1352 168.315
75 9.17035 7.56453 175.265
76 9.29345 8.56303 183.345
77 9.41654 8.68127 191.755
78 9.53963 8.20221 199.91
79 9.66272 8.39651 208.475
80 9.78581 8.22962 217.085
81 9.90891 8.34804 226.04
82 10.032 8.27177 235.135
83 10.1551 8.68045 244.915
84 10.2782 8.62974 254.875
85 10.4013 7.81754 264.115
86 10.5244 7.4622 273.145
87 10.6475 7.42792 282.345
88 10.7706 7.57867 291.95
89 10.8936 7.80559 302.07
90 11.0167 8.02431 312.71
91 11.1398 7.82214 323.315
92 11.2629 8.25821 334.76
93 11.386 7.89352 345.94
94 11.5091 7.9467 357.44
95 11.6322 8.20897 369.575
96 11.7553 7.89885 381.5
97 11.8784 8.32958 394.34
98 12.0015 7.98801 406.91
99 12.1246 8.14108 419.985
100 12.2477 7.95385 433.02
12000 100
1 0.061546 0 0
2 0.184638 0 0
3 0.30773 0 0
4 0.430822 0 0
5 0.553914 0 0
6 0.677006 0 0
7 0.800098 0 0
8 0.92319 0 0
9 1.04628 0 0
10 1.16937 0 0
11 1.29247 0 0
12 1.41556 0 0
13 1.53865 0.193212 0.005
14 1.66174 1.82227 0.06
15 1.78483 2.29773 0.14
16 1.90793 3.26773 0.27
17 2.03102 2.32919 0.375
18 2.15411 2.9581 0.525
19 2.2772 3.44114 0.72
20 2.40029 2.1443 0.855
21 2.52339 2.15583 1.005
22 2.64648 2.54798 1.2
23 2.76957 4.11622 1.545
24 2.89266 4.59372 1.965
25 3.01575 5.78618 2.54
26 3.13885 6.82759 3.275
27 3.26194 7.35426 4.13
28 3.38503 6.86913 4.99
29 3.50812 7.21363 5.96
30 3.63121 7.98231 7.11
31 3.75431 7.11037 8.205
32 3.8774 6.94007 9.345
33 4.00049 6.14786 10.42
34 4.12358 5.70559 11.48
35 4.24667 5.48115 12.56
36 4.36977 5.24862 13.655
37 4.49286 6.16655 15.015
38 4.61595 6.0139 16.415
39 4.73904 6.58178 18.03
40 4.86213 6.62057 19.74
41 4.98523 7.03425 21.65
42 5.10832 6.94487 23.63
43 5.23141 6.37109 25.535
44 5.3545 6.32097 27.515
45 5.47759 6.98576 29.805
46 5.60069 8.68087 32.78
47 5.72378 8.52106 35.83
48 5.84687 7.68414 38.7
49 5.96996 7.53747 41.635
50 6.09305 7.67979 44.75
51 6.21615 8.6341 48.395
52 6.33924 8.63232 52.185
53 6.46233 8.10936 55.885
54 6.58542 8.36834 59.85
55 6.70851 7.69799 63.635
56 6.83161 8.36446 67.9
57 6.9547 8.21293 72.24
58 7.07779 8.77937 77.045
59 7.20088 8.53475 81.88
60 7.32397 8.75366 87.01
61 7.44707 7.95505 91.83
62 7.57016 7.387 96.455
63 7.69325 7.74018 101.46
64 7.81634 8.1725 106.915
65 7.93943 8.24777 112.595
66 8.06253 7.92041 118.22
67 8.18562 7.94355 124.035
68 8.30871 7.86904 129.97
69 8.4318 7.72465 135.97
70 8.55489 7.77911 142.19
71 8.67799 8.04616 148.81
72 8.80108 8.2658 155.805
73 8.92417 8.10257 162.855
74 9.04726 8.64959 170.59
75 9.17035 8.70193 178.585
76 9.29345 8.74849 186.84
77 9.41654 8.54708 195.12
78 9.53963 8.36817 203.44
79 9.66272 8.00437 211.605
80 9.78581 8.22962 220.215
81 9.90891 7.91456 228.705
82 10.032 7.80793 237.29
83 10.1551 8.15234 246.475
84 10.2782 7.99724 255.705
85 10.4013 8.12212 265.305
86 10.5244 8.30924 275.36
87 10.6475 8.23127 285.555
88 10.7706 8.30458 296.08
89 10.8936 8.45349 307.04
90 11.0167 8.30712 318.055
91 11.1398 8.71831 329.875
92 11.2629 8.32315 341.41
93 11.386 8.05591 352.82
94 11.5091 7.89833 364.25
95 11.6322 7.55617 375.42
96 11.7553 7.76969 387.15
97 11.8784 7.72302 399.055
98 12.0015 7.82279 411.365
99 12.1246 8.194 424.525
100 12.2477 8.42065 438.325
